 person y1 y2
      1  1  1
      2  1  1
      3  1  1
      4  1  1
      5  1  1
      6  1  1
      7  1  1
      8  1  1
      9  1  1
     10  1  1
     11  1  1
     12  1  1
     13  1  1
     14  1  1
     15  1  1
     16  1  1
     17  1  1
     18  1  1
     19  1  1
     20  1  1
     21  1  1
     22  1  1
     23  1  1
     24  1  1
     25  1  1
     26  1  1
     27  1  1
     28  1  1
     29  1  1
     30  1  1
     31  1  1
     32  1  1
     33  1  1
     34  1  1
     35  1  1
     36  1  1
     37  1  1
     38  1  1
     39  1  1
     40  1  1
     41  1  1
     42  1  1
     43  1  1
     44  1  1
     45  1  1
     46  1  1
     47  1  1
     48  1  1
     49  1  1
     50  1  1
     51  1  1
     52  1  1
     53  1  1
     54  1  1
     55  1  1
     56  1  1
     57  1  1
     58  1  1
     59  1  1
     60  1  1
     61  1  1
     62  1  1
     63  1  1
     64  1  1
     65  1  1
     66  1  1
     67  1  1
     68  1  1
     69  1  1
     70  1  1
     71  1  1
     72  1  1
     73  1  1
     74  1  1
     75  1  1
     76  1  1
     77  1  1
     78  1  1
     79  1  1
     80  1  1
     81  1  1
     82  1  1
     83  1  1
     84  1  1
     85  1  1
     86  1  1
     87  1  1
     88  1  1
     89  1  1
     90  1  1
     91  1  1
     92  1  1
     93  1  1
     94  1  1
     95  1  1
     96  1  1
     97  1  1
     98  1  1
     99  1  1
    100  1  1
    101  1  1
    102  1  1
    103  1  1
    104  1  1
    105  1  1
    106  1  1
    107  1  1
    108  1  1
    109  1  1
    110  1  1
    111  1  1
    112  1  1
    113  1  1
    114  1  1
    115  1  1
    116  1  1
    117  1  1
    118  1  1
    119  1  1
    120  1  1
    121  1  1
    122  1  1
    123  1  1
    124  1  1
    125  1  1
    126  1  1
    127  1  1
    128  1  1
    129  1  1
    130  1  1
    131  1  1
    132  1  1
    133  1  1
    134  1  1
    135  1  1
    136  1  1
    137  1  1
    138  1  1
    139  1  1
    140  1  1
    141  1  1
    142  1  1
    143  1  1
    144  1  1
    145  1  1
    146  1  1
    147  1  1
    148  1  1
    149  1  1
    150  1  1
    151  1  1
    152  1  1
    153  1  1
    154  1  1
    155  1  1
    156  1  1
    157  1  1
    158  1  1
    159  1  1
    160  1  1
    161  1  1
    162  1  1
    163  1  1
    164  1  1
    165  1  1
    166  1  1
    167  1  1
    168  1  1
    169  1  1
    170  1  1
    171  1  1
    172  1  1
    173  1  1
    174  1  1
    175  1  1
    176  1  1
    177  1  1
    178  1  1
    179  1  1
    180  1  1
    181  1  1
    182  1  1
    183  1  1
    184  1  1
    185  1  1
    186  1  1
    187  1  1
    188  1  1
    189  1  1
    190  1  1
    191  1  1
    192  1  1
    193  1  1
    194  1  1
    195  1  1
    196  1  1
    197  1  1
    198  1  1
    199  1  1
    200  1  1
    201  1  1
    202  1  1
    203  1  1
    204  1  1
    205  1  1
    206  1  1
    207  1  1
    208  1  1
    209  1  1
    210  1  1
    211  1  1
    212  1  1
    213  1  1
    214  1  1
    215  1  1
    216  1  1
    217  1  1
    218  1  1
    219  1  1
    220  1  1
    221  1  1
    222  1  1
    223  1  1
    224  1  1
    225  1  1
    226  1  1
    227  1  1
    228  1  2
    229  1  2
    230  1  2
    231  1  2
    232  1  2
    233  1  2
    234  1  2
    235  1  2
    236  1  2
    237  1  2
    238  1  2
    239  1  2
    240  1  2
    241  1  2
    242  1  2
    243  1  2
    244  1  2
    245  1  2
    246  1  2
    247  1  2
    248  1  2
    249  1  2
    250  1  2
    251  1  2
    252  1  2
    253  1  2
    254  1  2
    255  1  2
    256  1  2
    257  1  2
    258  1  2
    259  1  2
    260  1  2
    261  1  2
    262  1  2
    263  1  2
    264  1  2
    265  1  2
    266  1  2
    267  1  2
    268  1  2
    269  1  2
    270  1  2
    271  1  2
    272  1  2
    273  1  2
    274  1  2
    275  1  2
    276  1  2
    277  1  2
    278  1  2
    279  1  2
    280  1  2
    281  1  2
    282  1  2
    283  1  2
    284  1  2
    285  1  2
    286  1  2
    287  1  2
    288  1  2
    289  1  2
    290  1  2
    291  1  2
    292  1  2
    293  1  2
    294  1  2
    295  1  2
    296  1  2
    297  1  2
    298  1  2
    299  1  2
    300  1  2
    301  1  2
    302  1  2
    303  1  2
    304  1  2
    305  1  2
    306  1  2
    307  1  2
    308  1  2
    309  1  2
    310  1  2
    311  1  2
    312  1  2
    313  1  2
    314  1  2
    315  1  2
    316  1  2
    317  1  2
    318  1  2
    319  1  2
    320  1  2
    321  1  2
    322  1  2
    323  1  2
    324  1  2
    325  1  2
    326  1  2
    327  1  2
    328  1  2
    329  1  2
    330  1  2
    331  1  2
    332  1  2
    333  1  2
    334  1  2
    335  1  2
    336  1  2
    337  1  2
    338  1  2
    339  1  2
    340  1  2
    341  1  2
    342  1  2
    343  1  2
    344  1  2
    345  1  2
    346  1  2
    347  1  2
    348  1  2
    349  1  2
    350  1  2
    351  1  2
    352  1  2
    353  1  2
    354  1  2
    355  1  2
    356  1  2
    357  1  2
    358  1  2
    359  1  2
    360  2  1
    361  2  1
    362  2  1
    363  2  1
    364  2  1
    365  2  1
    366  2  1
    367  2  1
    368  2  1
    369  2  1
    370  2  1
    371  2  1
    372  2  1
    373  2  1
    374  2  1
    375  2  1
    376  2  1
    377  2  1
    378  2  1
    379  2  1
    380  2  1
    381  2  1
    382  2  1
    383  2  1
    384  2  1
    385  2  1
    386  2  1
    387  2  1
    388  2  1
    389  2  1
    390  2  1
    391  2  1
    392  2  1
    393  2  1
    394  2  1
    395  2  1
    396  2  1
    397  2  1
    398  2  1
    399  2  1
    400  2  1
    401  2  1
    402  2  1
    403  2  1
    404  2  1
    405  2  1
    406  2  1
    407  2  1
    408  2  1
    409  2  1
    410  2  1
    411  2  1
    412  2  1
    413  2  1
    414  2  1
    415  2  1
    416  2  1
    417  2  1
    418  2  1
    419  2  1
    420  2  1
    421  2  1
    422  2  1
    423  2  1
    424  2  1
    425  2  1
    426  2  1
    427  2  1
    428  2  1
    429  2  1
    430  2  1
    431  2  1
    432  2  1
    433  2  1
    434  2  1
    435  2  1
    436  2  1
    437  2  1
    438  2  1
    439  2  1
    440  2  1
    441  2  1
    442  2  1
    443  2  1
    444  2  1
    445  2  1
    446  2  1
    447  2  1
    448  2  1
    449  2  1
    450  2  1
    451  2  1
    452  2  1
    453  2  1
    454  2  1
    455  2  1
    456  2  1
    457  2  1
    458  2  1
    459  2  1
    460  2  1
    461  2  1
    462  2  1
    463  2  1
    464  2  1
    465  2  1
    466  2  1
    467  2  2
    468  2  2
    469  2  2
    470  2  2
    471  2  2
    472  2  2
    473  2  2
    474  2  2
    475  2  2
    476  2  2
    477  2  2
    478  2  2
    479  2  2
    480  2  2
    481  2  2
    482  2  2
    483  2  2
    484  2  2
    485  2  2
    486  2  2
    487  2  2
    488  2  2
    489  2  2
    490  2  2
    491  2  2
    492  2  2
    493  2  2
    494  2  2
    495  2  2
    496  2  2
    497  2  2
    498  2  2
    499  2  2
    500  2  2
    501  2  2
    502  2  2
    503  2  2
    504  2  2
    505  2  2
    506  2  2
    507  2  2
    508  2  2
    509  2  2
    510  2  2
    511  2  2
    512  2  2
    513  2  2
    514  2  2
    515  2  2
    516  2  2
    517  2  2
    518  2  2
    519  2  2
    520  2  2
    521  2  2
    522  2  2
    523  2  2
    524  2  2
    525  2  2
    526  2  2
    527  2  2
    528  2  2
    529  2  2
    530  2  2
    531  2  2
    532  2  2
    533  2  2
    534  2  2
    535  2  2
    536  2  2
    537  2  2
    538  2  2
    539  2  2
    540  2  2
    541  2  2
    542  2  2
    543  2  2
    544  2  2
    545  2  2
    546  2  2
    547  2  2
    548  2  2
    549  2  2
    550  2  2
    551  2  2
    552  2  2
    553  2  2
    554  2  2
    555  2  2
    556  2  2
    557  2  2
    558  2  2
    559  2  2
    560  2  2
    561  2  2
    562  2  2
    563  2  2
    564  2  2
    565  2  2
    566  2  2
    567  2  2
    568  2  2
    569  2  2
    570  2  2
    571  2  2
    572  2  2
    573  2  2
    574  2  2
    575  2  2
    576  2  2
    577  2  2
    578  2  2
    579  2  2
    580  2  2
    581  2  2
    582  2  2
    583  2  2
    584  2  2
    585  2  2
    586  2  2
    587  2  2
    588  2  2
    589  2  2
    590  2  2
    591  2  2
    592  2  2
    593  2  2
    594  2  2
    595  2  2
    596  2  2
    597  2  2
    598  2  2
    599  2  2
    600  2  2
    601  2  2
    602  2  2
    603  2  2
    604  2  2
    605  2  2
    606  2  2
    607  2  2
    608  2  2
    609  2  2
    610  2  2
    611  2  2
    612  2  2
    613  2  2
    614  2  2
    615  2  2
    616  2  2
    617  2  2
    618  2  2
    619  2  2
    620  2  2
    621  2  2
    622  2  2
    623  2  2
    624  2  2
    625  2  2
    626  2  2
    627  2  2
    628  2  2
    629  2  2
    630  2  2
    631  2  2
    632  2  2
    633  2  2
    634  2  2
    635  2  2
    636  2  2
    637  2  2
    638  2  2
    639  2  2
    640  2  2
    641  2  2
    642  2  2
    643  2  2
    644  2  2
    645  2  2
    646  2  2
    647  2  2
    648  2  2
    649  2  2
    650  2  2
    651  2  2
    652  2  2
    653  2  2
    654  2  2
    655  2  2
    656  2  2
    657  2  2
    658  2  2
    659  2  2
    660  2  2
    661  2  2
    662  2  2
    663  2  2
    664  2  2
    665  2  2
    666  2  2
    667  2  2
    668  2  2
    669  2  2
    670  2  2
    671  2  2
    672  2  2
    673  2  2
    674  2  2
    675  2  2
    676  2  2
    677  2  2
    678  2  2
    679  2  2
    680  2  2
    681  2  2
    682  2  2
    683  2  2
    684  2  2
    685  2  2
    686  2  2
    687  2  2
    688  2  2
    689  2  2
    690  2  2
    691  2  2
    692  2  2
    693  2  2
    694  2  2
    695  2  2
    696  2  2
    697  2  2
    698  2  2
    699  2  2
    700  2  2
    701  2  2
    702  2  2
    703  2  2
    704  2  2
    705  2  2
    706  2  2
    707  2  2
    708  2  2
    709  2  2
    710  2  2
    711  2  2
    712  2  2
    713  2  2
    714  2  2
    715  2  2
    716  2  2
    717  2  2
    718  2  2
    719  2  2
    720  2  2
    721  2  2
    722  2  2
    723  2  2
    724  2  2
    725  2  2
    726  2  2
    727  2  2
    728  2  2
    729  2  2
    730  2  2
    731  2  2
    732  2  2
    733  2  2
    734  2  2
    735  2  2
    736  2  2
    737  2  2
    738  2  2
    739  2  2
    740  2  2
    741  2  2
    742  2  2
    743  2  2
    744  2  2
    745  2  2
    746  2  2
    747  2  2
    748  2  2
    749  2  2
    750  2  2
    751  2  2
    752  2  2
    753  2  2
    754  2  2
    755  2  2
    756  2  2
    757  2  2
    758  2  2
    759  2  2
    760  2  2
    761  2  2
    762  2  2
    763  2  2
    764  2  2
    765  2  2
    766  2  2
    767  2  2
    768  2  2
    769  2  2
    770  2  2
    771  2  2
    772  2  2
    773  2  2
    774  2  2
    775  2  2
    776  2  2
    777  2  2
    778  2  2
    779  2  2
    780  2  2
    781  2  2
    782  2  2
    783  2  2
    784  2  2
    785  2  2
    786  2  2
    787  2  2
    788  2  2
    789  2  2
    790  2  2
    791  2  2
    792  2  2
    793  2  2
    794  2  2
    795  2  2
    796  2  2
    797  2  2
    798  2  2
    799  2  2
    800  2  2
    801  2  2
    802  2  2
    803  2  2
    804  2  2
    805  2  2
    806  2  2
    807  2  2
    808  2  2
    809  2  2
    810  2  2
    811  2  2
    812  2  2
    813  2  2
    814  2  2
    815  2  2
    816  2  2
    817  2  2
    818  2  2
    819  2  2
    820  2  2
    821  2  2
    822  2  2
    823  2  2
    824  2  2
    825  2  2
    826  2  2
    827  2  2
    828  2  2
    829  2  2
    830  2  2
    831  2  2
    832  2  2
    833  2  2
    834  2  2
    835  2  2
    836  2  2
    837  2  2
    838  2  2
    839  2  2
    840  2  2
    841  2  2
    842  2  2
    843  2  2
    844  2  2
    845  2  2
    846  2  2
    847  2  2
    848  2  2
    849  2  2
    850  2  2
    851  2  2
    852  2  2
    853  2  2
    854  2  2
    855  2  2
    856  2  2
    857  2  2
    858  2  2
    859  2  2
    860  2  2
    861  2  2
    862  2  2
    863  2  2
    864  2  2
    865  2  2
    866  2  2
    867  2  2
    868  2  2
    869  2  2
    870  2  2
    871  2  2
    872  2  2
    873  2  2
    874  2  2
    875  2  2
    876  2  2
    877  2  2
    878  2  2
    879  2  2
    880  2  2
    881  2  2
    882  2  2
    883  2  2
    884  2  2
    885  2  2
    886  2  2
    887  2  2
    888  2  2
    889  2  2
    890  2  2
    891  2  2
    892  2  2
    893  2  2
    894  2  2
    895  2  2
    896  2  2
    897  2  2
    898  2  2
    899  2  2
    900  2  2
    901  2  2
    902  2  2
    903  2  2
    904  2  2
    905  2  2
    906  2  2
    907  2  2
    908  2  2
    909  2  2
    910  2  2
    911  2  2
    912  2  2
    913  2  2
    914  2  2
    915  2  2
    916  2  2
    917  2  2
    918  2  2
    919  2  2
    920  2  2
    921  2  2
    922  2  2
    923  2  2
    924  2  2
    925  2  2
    926  2  2
    927  2  2
    928  2  2
    929  2  2
    930  2  2
    931  2  2
    932  2  2
    933  2  2
    934  2  2
    935  2  2
    936  2  2
    937  2  2
    938  2  2
    939  2  2
    940  2  2
    941  2  2
    942  2  2
    943  2  2
    944  2  2
    945  2  2
    946  2  2
    947  2  2
    948  2  2
    949  2  2
    950  2  2
    951  2  2
    952  2  2
    953  2  2
    954  2  2
    955  2  2
    956  2  2
    957  2  2
    958  2  2
    959  2  2
    960  2  2
    961  2  2
    962  2  2
    963  2  2
    964  2  2
    965  2  2
    966  2  2
    967  2  2
    968  2  2
    969  2  2
    970  2  2
    971  2  2
    972  2  2
    973  2  2
    974  2  2
    975  2  2
    976  2  2
    977  2  2
    978  2  2
    979  2  2
    980  2  2
    981  2  2
    982  2  2
    983  2  2
    984  2  2
    985  2  2
    986  2  2
    987  2  2
    988  2  2
    989  2  2
    990  2  2
    991  2  2
    992  2  2
    993  2  2
    994  2  2
    995  2  2
    996  2  2
    997  2  2
    998  2  2
    999  2  2
   1000  2  2
   1001  2  2
   1002  2  2
   1003  2  2
   1004  2  2
   1005  2  2
   1006  2  2
   1007  2  2
   1008  2  2
   1009  2  2
   1010  2  2
   1011  2  2
   1012  2  2
   1013  2  2
   1014  2  2
   1015  2  2
   1016  2  2
   1017  2  2
   1018  2  2
   1019  2  2
   1020  2  2
   1021  2  2
   1022  2  2
   1023  2  2
   1024  2  2
   1025  2  2
   1026  2  2
   1027  2  2
   1028  2  2
   1029  2  2
   1030  2  2
   1031  2  2
   1032  2  2
   1033  2  2
   1034  2  2
   1035  2  2
   1036  2  2
   1037  2  2
   1038  2  2
   1039  2  2
   1040  2  2
   1041  2  2
   1042  2  2
   1043  2  2
   1044  2  2
   1045  2  2
   1046  2  2
   1047  2  2
   1048  2  2
   1049  2  2
   1050  2  2
   1051  2  2
   1052  2  2
   1053  2  2
   1054  2  2
   1055  2  2
   1056  2  2
   1057  2  2
   1058  2  2
   1059  2  2
   1060  2  2
   1061  2  2
   1062  2  2
   1063  2  2
   1064  2  2
   1065  2  2
   1066  2  2
   1067  2  2
   1068  2  2
   1069  2  2
   1070  2  2
   1071  2  2
   1072  2  2
   1073  2  2
   1074  2  2
   1075  2  2
   1076  2  2
   1077  2  2
   1078  2  2
   1079  2  2
   1080  2  2
   1081  2  2
   1082  2  2
   1083  2  2
   1084  2  2
   1085  2  2
   1086  2  2
   1087  2  2
   1088  2  2
   1089  2  2
   1090  2  2
   1091  2  2
   1092  2  2
   1093  2  2
   1094  2  2
   1095  2  2
   1096  2  2
   1097  2  2
   1098  2  2
   1099  2  2
   1100  2  2
   1101  2  2
   1102  2  2
   1103  2  2
   1104  2  2
   1105  2  2
   1106  2  2
   1107  2  2
   1108  2  2
   1109  2  2
   1110  2  2
   1111  2  2
   1112  2  2
   1113  2  2
   1114  2  2
   1115  2  2
   1116  2  2
   1117  2  2
   1118  2  2
   1119  2  2
   1120  2  2
   1121  2  2
   1122  2  2
   1123  2  2
   1124  2  2
   1125  2  2
   1126  2  2
   1127  2  2
   1128  2  2
   1129  2  2
   1130  2  2
   1131  2  2
   1132  2  2
   1133  2  2
   1134  2  2
   1135  2  2
   1136  2  2
   1137  2  2
   1138  2  2
   1139  2  2
   1140  2  2
   1141  2  2
   1142  2  2
   1143  2  2
   1144  2  2
