 person question    y 
      1        1    1 
      1        0    1 
      2        1    1 
      2        0    1 
      3        1    1 
      3        0    1 
      4        1    1 
      4        0    1 
      5        1    1 
      5        0    1 
      6        1    1 
      6        0    1 
      7        1    1 
      7        0    1 
      8        1    1 
      8        0    1 
      9        1    1 
      9        0    1 
     10        1    1 
     10        0    1 
     11        1    1 
     11        0    1 
     12        1    1 
     12        0    1 
     13        1    1 
     13        0    1 
     14        1    1 
     14        0    1 
     15        1    1 
     15        0    1 
     16        1    1 
     16        0    1 
     17        1    1 
     17        0    1 
     18        1    1 
     18        0    1 
     19        1    1 
     19        0    1 
     20        1    1 
     20        0    1 
     21        1    1 
     21        0    1 
     22        1    1 
     22        0    1 
     23        1    1 
     23        0    1 
     24        1    1 
     24        0    1 
     25        1    1 
     25        0    1 
     26        1    1 
     26        0    1 
     27        1    1 
     27        0    1 
     28        1    1 
     28        0    1 
     29        1    1 
     29        0    1 
     30        1    1 
     30        0    1 
     31        1    1 
     31        0    1 
     32        1    1 
     32        0    1 
     33        1    1 
     33        0    1 
     34        1    1 
     34        0    1 
     35        1    1 
     35        0    1 
     36        1    1 
     36        0    1 
     37        1    1 
     37        0    1 
     38        1    1 
     38        0    1 
     39        1    1 
     39        0    1 
     40        1    1 
     40        0    1 
     41        1    1 
     41        0    1 
     42        1    1 
     42        0    1 
     43        1    1 
     43        0    1 
     44        1    1 
     44        0    1 
     45        1    1 
     45        0    1 
     46        1    1 
     46        0    1 
     47        1    1 
     47        0    1 
     48        1    1 
     48        0    1 
     49        1    1 
     49        0    1 
     50        1    1 
     50        0    1 
     51        1    1 
     51        0    1 
     52        1    1 
     52        0    1 
     53        1    1 
     53        0    1 
     54        1    1 
     54        0    1 
     55        1    1 
     55        0    1 
     56        1    1 
     56        0    1 
     57        1    1 
     57        0    1 
     58        1    1 
     58        0    1 
     59        1    1 
     59        0    1 
     60        1    1 
     60        0    1 
     61        1    1 
     61        0    1 
     62        1    1 
     62        0    1 
     63        1    1 
     63        0    1 
     64        1    1 
     64        0    1 
     65        1    1 
     65        0    1 
     66        1    1 
     66        0    1 
     67        1    1 
     67        0    1 
     68        1    1 
     68        0    1 
     69        1    1 
     69        0    1 
     70        1    1 
     70        0    1 
     71        1    1 
     71        0    1 
     72        1    1 
     72        0    1 
     73        1    1 
     73        0    1 
     74        1    1 
     74        0    1 
     75        1    1 
     75        0    1 
     76        1    1 
     76        0    1 
     77        1    1 
     77        0    1 
     78        1    1 
     78        0    1 
     79        1    1 
     79        0    1 
     80        1    1 
     80        0    1 
     81        1    1 
     81        0    1 
     82        1    1 
     82        0    1 
     83        1    1 
     83        0    1 
     84        1    1 
     84        0    1 
     85        1    1 
     85        0    1 
     86        1    1 
     86        0    1 
     87        1    1 
     87        0    1 
     88        1    1 
     88        0    1 
     89        1    1 
     89        0    1 
     90        1    1 
     90        0    1 
     91        1    1 
     91        0    1 
     92        1    1 
     92        0    1 
     93        1    1 
     93        0    1 
     94        1    1 
     94        0    1 
     95        1    1 
     95        0    1 
     96        1    1 
     96        0    1 
     97        1    1 
     97        0    1 
     98        1    1 
     98        0    1 
     99        1    1 
     99        0    1 
    100        1    1 
    100        0    1 
    101        1    1 
    101        0    1 
    102        1    1 
    102        0    1 
    103        1    1 
    103        0    1 
    104        1    1 
    104        0    1 
    105        1    1 
    105        0    1 
    106        1    1 
    106        0    1 
    107        1    1 
    107        0    1 
    108        1    1 
    108        0    1 
    109        1    1 
    109        0    1 
    110        1    1 
    110        0    1 
    111        1    1 
    111        0    1 
    112        1    1 
    112        0    1 
    113        1    1 
    113        0    1 
    114        1    1 
    114        0    1 
    115        1    1 
    115        0    1 
    116        1    1 
    116        0    1 
    117        1    1 
    117        0    1 
    118        1    1 
    118        0    1 
    119        1    1 
    119        0    1 
    120        1    1 
    120        0    1 
    121        1    1 
    121        0    1 
    122        1    1 
    122        0    1 
    123        1    1 
    123        0    1 
    124        1    1 
    124        0    1 
    125        1    1 
    125        0    1 
    126        1    1 
    126        0    1 
    127        1    1 
    127        0    1 
    128        1    1 
    128        0    1 
    129        1    1 
    129        0    1 
    130        1    1 
    130        0    1 
    131        1    1 
    131        0    1 
    132        1    1 
    132        0    1 
    133        1    1 
    133        0    1 
    134        1    1 
    134        0    1 
    135        1    1 
    135        0    1 
    136        1    1 
    136        0    1 
    137        1    1 
    137        0    1 
    138        1    1 
    138        0    1 
    139        1    1 
    139        0    1 
    140        1    1 
    140        0    1 
    141        1    1 
    141        0    1 
    142        1    1 
    142        0    1 
    143        1    1 
    143        0    1 
    144        1    1 
    144        0    1 
    145        1    1 
    145        0    1 
    146        1    1 
    146        0    1 
    147        1    1 
    147        0    1 
    148        1    1 
    148        0    1 
    149        1    1 
    149        0    1 
    150        1    1 
    150        0    1 
    151        1    1 
    151        0    1 
    152        1    1 
    152        0    1 
    153        1    1 
    153        0    1 
    154        1    1 
    154        0    1 
    155        1    1 
    155        0    1 
    156        1    1 
    156        0    1 
    157        1    1 
    157        0    1 
    158        1    1 
    158        0    1 
    159        1    1 
    159        0    1 
    160        1    1 
    160        0    1 
    161        1    1 
    161        0    1 
    162        1    1 
    162        0    1 
    163        1    1 
    163        0    1 
    164        1    1 
    164        0    1 
    165        1    1 
    165        0    1 
    166        1    1 
    166        0    1 
    167        1    1 
    167        0    1 
    168        1    1 
    168        0    1 
    169        1    1 
    169        0    1 
    170        1    1 
    170        0    1 
    171        1    1 
    171        0    1 
    172        1    1 
    172        0    1 
    173        1    1 
    173        0    1 
    174        1    1 
    174        0    1 
    175        1    1 
    175        0    1 
    176        1    1 
    176        0    1 
    177        1    1 
    177        0    1 
    178        1    1 
    178        0    1 
    179        1    1 
    179        0    1 
    180        1    1 
    180        0    1 
    181        1    1 
    181        0    1 
    182        1    1 
    182        0    1 
    183        1    1 
    183        0    1 
    184        1    1 
    184        0    1 
    185        1    1 
    185        0    1 
    186        1    1 
    186        0    1 
    187        1    1 
    187        0    1 
    188        1    1 
    188        0    1 
    189        1    1 
    189        0    1 
    190        1    1 
    190        0    1 
    191        1    1 
    191        0    1 
    192        1    1 
    192        0    1 
    193        1    1 
    193        0    1 
    194        1    1 
    194        0    1 
    195        1    1 
    195        0    1 
    196        1    1 
    196        0    1 
    197        1    1 
    197        0    1 
    198        1    1 
    198        0    1 
    199        1    1 
    199        0    1 
    200        1    1 
    200        0    1 
    201        1    1 
    201        0    1 
    202        1    1 
    202        0    1 
    203        1    1 
    203        0    1 
    204        1    1 
    204        0    1 
    205        1    1 
    205        0    1 
    206        1    1 
    206        0    1 
    207        1    1 
    207        0    1 
    208        1    1 
    208        0    1 
    209        1    1 
    209        0    1 
    210        1    1 
    210        0    1 
    211        1    1 
    211        0    1 
    212        1    1 
    212        0    1 
    213        1    1 
    213        0    1 
    214        1    1 
    214        0    1 
    215        1    1 
    215        0    1 
    216        1    1 
    216        0    1 
    217        1    1 
    217        0    1 
    218        1    1 
    218        0    1 
    219        1    1 
    219        0    1 
    220        1    1 
    220        0    1 
    221        1    1 
    221        0    1 
    222        1    1 
    222        0    1 
    223        1    1 
    223        0    1 
    224        1    1 
    224        0    1 
    225        1    1 
    225        0    1 
    226        1    1 
    226        0    1 
    227        1    1 
    227        0    1 
    228        1    1 
    228        0    0 
    229        1    1 
    229        0    0 
    230        1    1 
    230        0    0 
    231        1    1 
    231        0    0 
    232        1    1 
    232        0    0 
    233        1    1 
    233        0    0 
    234        1    1 
    234        0    0 
    235        1    1 
    235        0    0 
    236        1    1 
    236        0    0 
    237        1    1 
    237        0    0 
    238        1    1 
    238        0    0 
    239        1    1 
    239        0    0 
    240        1    1 
    240        0    0 
    241        1    1 
    241        0    0 
    242        1    1 
    242        0    0 
    243        1    1 
    243        0    0 
    244        1    1 
    244        0    0 
    245        1    1 
    245        0    0 
    246        1    1 
    246        0    0 
    247        1    1 
    247        0    0 
    248        1    1 
    248        0    0 
    249        1    1 
    249        0    0 
    250        1    1 
    250        0    0 
    251        1    1 
    251        0    0 
    252        1    1 
    252        0    0 
    253        1    1 
    253        0    0 
    254        1    1 
    254        0    0 
    255        1    1 
    255        0    0 
    256        1    1 
    256        0    0 
    257        1    1 
    257        0    0 
    258        1    1 
    258        0    0 
    259        1    1 
    259        0    0 
    260        1    1 
    260        0    0 
    261        1    1 
    261        0    0 
    262        1    1 
    262        0    0 
    263        1    1 
    263        0    0 
    264        1    1 
    264        0    0 
    265        1    1 
    265        0    0 
    266        1    1 
    266        0    0 
    267        1    1 
    267        0    0 
    268        1    1 
    268        0    0 
    269        1    1 
    269        0    0 
    270        1    1 
    270        0    0 
    271        1    1 
    271        0    0 
    272        1    1 
    272        0    0 
    273        1    1 
    273        0    0 
    274        1    1 
    274        0    0 
    275        1    1 
    275        0    0 
    276        1    1 
    276        0    0 
    277        1    1 
    277        0    0 
    278        1    1 
    278        0    0 
    279        1    1 
    279        0    0 
    280        1    1 
    280        0    0 
    281        1    1 
    281        0    0 
    282        1    1 
    282        0    0 
    283        1    1 
    283        0    0 
    284        1    1 
    284        0    0 
    285        1    1 
    285        0    0 
    286        1    1 
    286        0    0 
    287        1    1 
    287        0    0 
    288        1    1 
    288        0    0 
    289        1    1 
    289        0    0 
    290        1    1 
    290        0    0 
    291        1    1 
    291        0    0 
    292        1    1 
    292        0    0 
    293        1    1 
    293        0    0 
    294        1    1 
    294        0    0 
    295        1    1 
    295        0    0 
    296        1    1 
    296        0    0 
    297        1    1 
    297        0    0 
    298        1    1 
    298        0    0 
    299        1    1 
    299        0    0 
    300        1    1 
    300        0    0 
    301        1    1 
    301        0    0 
    302        1    1 
    302        0    0 
    303        1    1 
    303        0    0 
    304        1    1 
    304        0    0 
    305        1    1 
    305        0    0 
    306        1    1 
    306        0    0 
    307        1    1 
    307        0    0 
    308        1    1 
    308        0    0 
    309        1    1 
    309        0    0 
    310        1    1 
    310        0    0 
    311        1    1 
    311        0    0 
    312        1    1 
    312        0    0 
    313        1    1 
    313        0    0 
    314        1    1 
    314        0    0 
    315        1    1 
    315        0    0 
    316        1    1 
    316        0    0 
    317        1    1 
    317        0    0 
    318        1    1 
    318        0    0 
    319        1    1 
    319        0    0 
    320        1    1 
    320        0    0 
    321        1    1 
    321        0    0 
    322        1    1 
    322        0    0 
    323        1    1 
    323        0    0 
    324        1    1 
    324        0    0 
    325        1    1 
    325        0    0 
    326        1    1 
    326        0    0 
    327        1    1 
    327        0    0 
    328        1    1 
    328        0    0 
    329        1    1 
    329        0    0 
    330        1    1 
    330        0    0 
    331        1    1 
    331        0    0 
    332        1    1 
    332        0    0 
    333        1    1 
    333        0    0 
    334        1    1 
    334        0    0 
    335        1    1 
    335        0    0 
    336        1    1 
    336        0    0 
    337        1    1 
    337        0    0 
    338        1    1 
    338        0    0 
    339        1    1 
    339        0    0 
    340        1    1 
    340        0    0 
    341        1    1 
    341        0    0 
    342        1    1 
    342        0    0 
    343        1    1 
    343        0    0 
    344        1    1 
    344        0    0 
    345        1    1 
    345        0    0 
    346        1    1 
    346        0    0 
    347        1    1 
    347        0    0 
    348        1    1 
    348        0    0 
    349        1    1 
    349        0    0 
    350        1    1 
    350        0    0 
    351        1    1 
    351        0    0 
    352        1    1 
    352        0    0 
    353        1    1 
    353        0    0 
    354        1    1 
    354        0    0 
    355        1    1 
    355        0    0 
    356        1    1 
    356        0    0 
    357        1    1 
    357        0    0 
    358        1    1 
    358        0    0 
    359        1    1 
    359        0    0 
    360        1    0 
    360        0    1 
    361        1    0 
    361        0    1 
    362        1    0 
    362        0    1 
    363        1    0 
    363        0    1 
    364        1    0 
    364        0    1 
    365        1    0 
    365        0    1 
    366        1    0 
    366        0    1 
    367        1    0 
    367        0    1 
    368        1    0 
    368        0    1 
    369        1    0 
    369        0    1 
    370        1    0 
    370        0    1 
    371        1    0 
    371        0    1 
    372        1    0 
    372        0    1 
    373        1    0 
    373        0    1 
    374        1    0 
    374        0    1 
    375        1    0 
    375        0    1 
    376        1    0 
    376        0    1 
    377        1    0 
    377        0    1 
    378        1    0 
    378        0    1 
    379        1    0 
    379        0    1 
    380        1    0 
    380        0    1 
    381        1    0 
    381        0    1 
    382        1    0 
    382        0    1 
    383        1    0 
    383        0    1 
    384        1    0 
    384        0    1 
    385        1    0 
    385        0    1 
    386        1    0 
    386        0    1 
    387        1    0 
    387        0    1 
    388        1    0 
    388        0    1 
    389        1    0 
    389        0    1 
    390        1    0 
    390        0    1 
    391        1    0 
    391        0    1 
    392        1    0 
    392        0    1 
    393        1    0 
    393        0    1 
    394        1    0 
    394        0    1 
    395        1    0 
    395        0    1 
    396        1    0 
    396        0    1 
    397        1    0 
    397        0    1 
    398        1    0 
    398        0    1 
    399        1    0 
    399        0    1 
    400        1    0 
    400        0    1 
    401        1    0 
    401        0    1 
    402        1    0 
    402        0    1 
    403        1    0 
    403        0    1 
    404        1    0 
    404        0    1 
    405        1    0 
    405        0    1 
    406        1    0 
    406        0    1 
    407        1    0 
    407        0    1 
    408        1    0 
    408        0    1 
    409        1    0 
    409        0    1 
    410        1    0 
    410        0    1 
    411        1    0 
    411        0    1 
    412        1    0 
    412        0    1 
    413        1    0 
    413        0    1 
    414        1    0 
    414        0    1 
    415        1    0 
    415        0    1 
    416        1    0 
    416        0    1 
    417        1    0 
    417        0    1 
    418        1    0 
    418        0    1 
    419        1    0 
    419        0    1 
    420        1    0 
    420        0    1 
    421        1    0 
    421        0    1 
    422        1    0 
    422        0    1 
    423        1    0 
    423        0    1 
    424        1    0 
    424        0    1 
    425        1    0 
    425        0    1 
    426        1    0 
    426        0    1 
    427        1    0 
    427        0    1 
    428        1    0 
    428        0    1 
    429        1    0 
    429        0    1 
    430        1    0 
    430        0    1 
    431        1    0 
    431        0    1 
    432        1    0 
    432        0    1 
    433        1    0 
    433        0    1 
    434        1    0 
    434        0    1 
    435        1    0 
    435        0    1 
    436        1    0 
    436        0    1 
    437        1    0 
    437        0    1 
    438        1    0 
    438        0    1 
    439        1    0 
    439        0    1 
    440        1    0 
    440        0    1 
    441        1    0 
    441        0    1 
    442        1    0 
    442        0    1 
    443        1    0 
    443        0    1 
    444        1    0 
    444        0    1 
    445        1    0 
    445        0    1 
    446        1    0 
    446        0    1 
    447        1    0 
    447        0    1 
    448        1    0 
    448        0    1 
    449        1    0 
    449        0    1 
    450        1    0 
    450        0    1 
    451        1    0 
    451        0    1 
    452        1    0 
    452        0    1 
    453        1    0 
    453        0    1 
    454        1    0 
    454        0    1 
    455        1    0 
    455        0    1 
    456        1    0 
    456        0    1 
    457        1    0 
    457        0    1 
    458        1    0 
    458        0    1 
    459        1    0 
    459        0    1 
    460        1    0 
    460        0    1 
    461        1    0 
    461        0    1 
    462        1    0 
    462        0    1 
    463        1    0 
    463        0    1 
    464        1    0 
    464        0    1 
    465        1    0 
    465        0    1 
    466        1    0 
    466        0    1 
    467        1    0 
    467        0    0 
    468        1    0 
    468        0    0 
    469        1    0 
    469        0    0 
    470        1    0 
    470        0    0 
    471        1    0 
    471        0    0 
    472        1    0 
    472        0    0 
    473        1    0 
    473        0    0 
    474        1    0 
    474        0    0 
    475        1    0 
    475        0    0 
    476        1    0 
    476        0    0 
    477        1    0 
    477        0    0 
    478        1    0 
    478        0    0 
    479        1    0 
    479        0    0 
    480        1    0 
    480        0    0 
    481        1    0 
    481        0    0 
    482        1    0 
    482        0    0 
    483        1    0 
    483        0    0 
    484        1    0 
    484        0    0 
    485        1    0 
    485        0    0 
    486        1    0 
    486        0    0 
    487        1    0 
    487        0    0 
    488        1    0 
    488        0    0 
    489        1    0 
    489        0    0 
    490        1    0 
    490        0    0 
    491        1    0 
    491        0    0 
    492        1    0 
    492        0    0 
    493        1    0 
    493        0    0 
    494        1    0 
    494        0    0 
    495        1    0 
    495        0    0 
    496        1    0 
    496        0    0 
    497        1    0 
    497        0    0 
    498        1    0 
    498        0    0 
    499        1    0 
    499        0    0 
    500        1    0 
    500        0    0 
    501        1    0 
    501        0    0 
    502        1    0 
    502        0    0 
    503        1    0 
    503        0    0 
    504        1    0 
    504        0    0 
    505        1    0 
    505        0    0 
    506        1    0 
    506        0    0 
    507        1    0 
    507        0    0 
    508        1    0 
    508        0    0 
    509        1    0 
    509        0    0 
    510        1    0 
    510        0    0 
    511        1    0 
    511        0    0 
    512        1    0 
    512        0    0 
    513        1    0 
    513        0    0 
    514        1    0 
    514        0    0 
    515        1    0 
    515        0    0 
    516        1    0 
    516        0    0 
    517        1    0 
    517        0    0 
    518        1    0 
    518        0    0 
    519        1    0 
    519        0    0 
    520        1    0 
    520        0    0 
    521        1    0 
    521        0    0 
    522        1    0 
    522        0    0 
    523        1    0 
    523        0    0 
    524        1    0 
    524        0    0 
    525        1    0 
    525        0    0 
    526        1    0 
    526        0    0 
    527        1    0 
    527        0    0 
    528        1    0 
    528        0    0 
    529        1    0 
    529        0    0 
    530        1    0 
    530        0    0 
    531        1    0 
    531        0    0 
    532        1    0 
    532        0    0 
    533        1    0 
    533        0    0 
    534        1    0 
    534        0    0 
    535        1    0 
    535        0    0 
    536        1    0 
    536        0    0 
    537        1    0 
    537        0    0 
    538        1    0 
    538        0    0 
    539        1    0 
    539        0    0 
    540        1    0 
    540        0    0 
    541        1    0 
    541        0    0 
    542        1    0 
    542        0    0 
    543        1    0 
    543        0    0 
    544        1    0 
    544        0    0 
    545        1    0 
    545        0    0 
    546        1    0 
    546        0    0 
    547        1    0 
    547        0    0 
    548        1    0 
    548        0    0 
    549        1    0 
    549        0    0 
    550        1    0 
    550        0    0 
    551        1    0 
    551        0    0 
    552        1    0 
    552        0    0 
    553        1    0 
    553        0    0 
    554        1    0 
    554        0    0 
    555        1    0 
    555        0    0 
    556        1    0 
    556        0    0 
    557        1    0 
    557        0    0 
    558        1    0 
    558        0    0 
    559        1    0 
    559        0    0 
    560        1    0 
    560        0    0 
    561        1    0 
    561        0    0 
    562        1    0 
    562        0    0 
    563        1    0 
    563        0    0 
    564        1    0 
    564        0    0 
    565        1    0 
    565        0    0 
    566        1    0 
    566        0    0 
    567        1    0 
    567        0    0 
    568        1    0 
    568        0    0 
    569        1    0 
    569        0    0 
    570        1    0 
    570        0    0 
    571        1    0 
    571        0    0 
    572        1    0 
    572        0    0 
    573        1    0 
    573        0    0 
    574        1    0 
    574        0    0 
    575        1    0 
    575        0    0 
    576        1    0 
    576        0    0 
    577        1    0 
    577        0    0 
    578        1    0 
    578        0    0 
    579        1    0 
    579        0    0 
    580        1    0 
    580        0    0 
    581        1    0 
    581        0    0 
    582        1    0 
    582        0    0 
    583        1    0 
    583        0    0 
    584        1    0 
    584        0    0 
    585        1    0 
    585        0    0 
    586        1    0 
    586        0    0 
    587        1    0 
    587        0    0 
    588        1    0 
    588        0    0 
    589        1    0 
    589        0    0 
    590        1    0 
    590        0    0 
    591        1    0 
    591        0    0 
    592        1    0 
    592        0    0 
    593        1    0 
    593        0    0 
    594        1    0 
    594        0    0 
    595        1    0 
    595        0    0 
    596        1    0 
    596        0    0 
    597        1    0 
    597        0    0 
    598        1    0 
    598        0    0 
    599        1    0 
    599        0    0 
    600        1    0 
    600        0    0 
    601        1    0 
    601        0    0 
    602        1    0 
    602        0    0 
    603        1    0 
    603        0    0 
    604        1    0 
    604        0    0 
    605        1    0 
    605        0    0 
    606        1    0 
    606        0    0 
    607        1    0 
    607        0    0 
    608        1    0 
    608        0    0 
    609        1    0 
    609        0    0 
    610        1    0 
    610        0    0 
    611        1    0 
    611        0    0 
    612        1    0 
    612        0    0 
    613        1    0 
    613        0    0 
    614        1    0 
    614        0    0 
    615        1    0 
    615        0    0 
    616        1    0 
    616        0    0 
    617        1    0 
    617        0    0 
    618        1    0 
    618        0    0 
    619        1    0 
    619        0    0 
    620        1    0 
    620        0    0 
    621        1    0 
    621        0    0 
    622        1    0 
    622        0    0 
    623        1    0 
    623        0    0 
    624        1    0 
    624        0    0 
    625        1    0 
    625        0    0 
    626        1    0 
    626        0    0 
    627        1    0 
    627        0    0 
    628        1    0 
    628        0    0 
    629        1    0 
    629        0    0 
    630        1    0 
    630        0    0 
    631        1    0 
    631        0    0 
    632        1    0 
    632        0    0 
    633        1    0 
    633        0    0 
    634        1    0 
    634        0    0 
    635        1    0 
    635        0    0 
    636        1    0 
    636        0    0 
    637        1    0 
    637        0    0 
    638        1    0 
    638        0    0 
    639        1    0 
    639        0    0 
    640        1    0 
    640        0    0 
    641        1    0 
    641        0    0 
    642        1    0 
    642        0    0 
    643        1    0 
    643        0    0 
    644        1    0 
    644        0    0 
    645        1    0 
    645        0    0 
    646        1    0 
    646        0    0 
    647        1    0 
    647        0    0 
    648        1    0 
    648        0    0 
    649        1    0 
    649        0    0 
    650        1    0 
    650        0    0 
    651        1    0 
    651        0    0 
    652        1    0 
    652        0    0 
    653        1    0 
    653        0    0 
    654        1    0 
    654        0    0 
    655        1    0 
    655        0    0 
    656        1    0 
    656        0    0 
    657        1    0 
    657        0    0 
    658        1    0 
    658        0    0 
    659        1    0 
    659        0    0 
    660        1    0 
    660        0    0 
    661        1    0 
    661        0    0 
    662        1    0 
    662        0    0 
    663        1    0 
    663        0    0 
    664        1    0 
    664        0    0 
    665        1    0 
    665        0    0 
    666        1    0 
    666        0    0 
    667        1    0 
    667        0    0 
    668        1    0 
    668        0    0 
    669        1    0 
    669        0    0 
    670        1    0 
    670        0    0 
    671        1    0 
    671        0    0 
    672        1    0 
    672        0    0 
    673        1    0 
    673        0    0 
    674        1    0 
    674        0    0 
    675        1    0 
    675        0    0 
    676        1    0 
    676        0    0 
    677        1    0 
    677        0    0 
    678        1    0 
    678        0    0 
    679        1    0 
    679        0    0 
    680        1    0 
    680        0    0 
    681        1    0 
    681        0    0 
    682        1    0 
    682        0    0 
    683        1    0 
    683        0    0 
    684        1    0 
    684        0    0 
    685        1    0 
    685        0    0 
    686        1    0 
    686        0    0 
    687        1    0 
    687        0    0 
    688        1    0 
    688        0    0 
    689        1    0 
    689        0    0 
    690        1    0 
    690        0    0 
    691        1    0 
    691        0    0 
    692        1    0 
    692        0    0 
    693        1    0 
    693        0    0 
    694        1    0 
    694        0    0 
    695        1    0 
    695        0    0 
    696        1    0 
    696        0    0 
    697        1    0 
    697        0    0 
    698        1    0 
    698        0    0 
    699        1    0 
    699        0    0 
    700        1    0 
    700        0    0 
    701        1    0 
    701        0    0 
    702        1    0 
    702        0    0 
    703        1    0 
    703        0    0 
    704        1    0 
    704        0    0 
    705        1    0 
    705        0    0 
    706        1    0 
    706        0    0 
    707        1    0 
    707        0    0 
    708        1    0 
    708        0    0 
    709        1    0 
    709        0    0 
    710        1    0 
    710        0    0 
    711        1    0 
    711        0    0 
    712        1    0 
    712        0    0 
    713        1    0 
    713        0    0 
    714        1    0 
    714        0    0 
    715        1    0 
    715        0    0 
    716        1    0 
    716        0    0 
    717        1    0 
    717        0    0 
    718        1    0 
    718        0    0 
    719        1    0 
    719        0    0 
    720        1    0 
    720        0    0 
    721        1    0 
    721        0    0 
    722        1    0 
    722        0    0 
    723        1    0 
    723        0    0 
    724        1    0 
    724        0    0 
    725        1    0 
    725        0    0 
    726        1    0 
    726        0    0 
    727        1    0 
    727        0    0 
    728        1    0 
    728        0    0 
    729        1    0 
    729        0    0 
    730        1    0 
    730        0    0 
    731        1    0 
    731        0    0 
    732        1    0 
    732        0    0 
    733        1    0 
    733        0    0 
    734        1    0 
    734        0    0 
    735        1    0 
    735        0    0 
    736        1    0 
    736        0    0 
    737        1    0 
    737        0    0 
    738        1    0 
    738        0    0 
    739        1    0 
    739        0    0 
    740        1    0 
    740        0    0 
    741        1    0 
    741        0    0 
    742        1    0 
    742        0    0 
    743        1    0 
    743        0    0 
    744        1    0 
    744        0    0 
    745        1    0 
    745        0    0 
    746        1    0 
    746        0    0 
    747        1    0 
    747        0    0 
    748        1    0 
    748        0    0 
    749        1    0 
    749        0    0 
    750        1    0 
    750        0    0 
    751        1    0 
    751        0    0 
    752        1    0 
    752        0    0 
    753        1    0 
    753        0    0 
    754        1    0 
    754        0    0 
    755        1    0 
    755        0    0 
    756        1    0 
    756        0    0 
    757        1    0 
    757        0    0 
    758        1    0 
    758        0    0 
    759        1    0 
    759        0    0 
    760        1    0 
    760        0    0 
    761        1    0 
    761        0    0 
    762        1    0 
    762        0    0 
    763        1    0 
    763        0    0 
    764        1    0 
    764        0    0 
    765        1    0 
    765        0    0 
    766        1    0 
    766        0    0 
    767        1    0 
    767        0    0 
    768        1    0 
    768        0    0 
    769        1    0 
    769        0    0 
    770        1    0 
    770        0    0 
    771        1    0 
    771        0    0 
    772        1    0 
    772        0    0 
    773        1    0 
    773        0    0 
    774        1    0 
    774        0    0 
    775        1    0 
    775        0    0 
    776        1    0 
    776        0    0 
    777        1    0 
    777        0    0 
    778        1    0 
    778        0    0 
    779        1    0 
    779        0    0 
    780        1    0 
    780        0    0 
    781        1    0 
    781        0    0 
    782        1    0 
    782        0    0 
    783        1    0 
    783        0    0 
    784        1    0 
    784        0    0 
    785        1    0 
    785        0    0 
    786        1    0 
    786        0    0 
    787        1    0 
    787        0    0 
    788        1    0 
    788        0    0 
    789        1    0 
    789        0    0 
    790        1    0 
    790        0    0 
    791        1    0 
    791        0    0 
    792        1    0 
    792        0    0 
    793        1    0 
    793        0    0 
    794        1    0 
    794        0    0 
    795        1    0 
    795        0    0 
    796        1    0 
    796        0    0 
    797        1    0 
    797        0    0 
    798        1    0 
    798        0    0 
    799        1    0 
    799        0    0 
    800        1    0 
    800        0    0 
    801        1    0 
    801        0    0 
    802        1    0 
    802        0    0 
    803        1    0 
    803        0    0 
    804        1    0 
    804        0    0 
    805        1    0 
    805        0    0 
    806        1    0 
    806        0    0 
    807        1    0 
    807        0    0 
    808        1    0 
    808        0    0 
    809        1    0 
    809        0    0 
    810        1    0 
    810        0    0 
    811        1    0 
    811        0    0 
    812        1    0 
    812        0    0 
    813        1    0 
    813        0    0 
    814        1    0 
    814        0    0 
    815        1    0 
    815        0    0 
    816        1    0 
    816        0    0 
    817        1    0 
    817        0    0 
    818        1    0 
    818        0    0 
    819        1    0 
    819        0    0 
    820        1    0 
    820        0    0 
    821        1    0 
    821        0    0 
    822        1    0 
    822        0    0 
    823        1    0 
    823        0    0 
    824        1    0 
    824        0    0 
    825        1    0 
    825        0    0 
    826        1    0 
    826        0    0 
    827        1    0 
    827        0    0 
    828        1    0 
    828        0    0 
    829        1    0 
    829        0    0 
    830        1    0 
    830        0    0 
    831        1    0 
    831        0    0 
    832        1    0 
    832        0    0 
    833        1    0 
    833        0    0 
    834        1    0 
    834        0    0 
    835        1    0 
    835        0    0 
    836        1    0 
    836        0    0 
    837        1    0 
    837        0    0 
    838        1    0 
    838        0    0 
    839        1    0 
    839        0    0 
    840        1    0 
    840        0    0 
    841        1    0 
    841        0    0 
    842        1    0 
    842        0    0 
    843        1    0 
    843        0    0 
    844        1    0 
    844        0    0 
    845        1    0 
    845        0    0 
    846        1    0 
    846        0    0 
    847        1    0 
    847        0    0 
    848        1    0 
    848        0    0 
    849        1    0 
    849        0    0 
    850        1    0 
    850        0    0 
    851        1    0 
    851        0    0 
    852        1    0 
    852        0    0 
    853        1    0 
    853        0    0 
    854        1    0 
    854        0    0 
    855        1    0 
    855        0    0 
    856        1    0 
    856        0    0 
    857        1    0 
    857        0    0 
    858        1    0 
    858        0    0 
    859        1    0 
    859        0    0 
    860        1    0 
    860        0    0 
    861        1    0 
    861        0    0 
    862        1    0 
    862        0    0 
    863        1    0 
    863        0    0 
    864        1    0 
    864        0    0 
    865        1    0 
    865        0    0 
    866        1    0 
    866        0    0 
    867        1    0 
    867        0    0 
    868        1    0 
    868        0    0 
    869        1    0 
    869        0    0 
    870        1    0 
    870        0    0 
    871        1    0 
    871        0    0 
    872        1    0 
    872        0    0 
    873        1    0 
    873        0    0 
    874        1    0 
    874        0    0 
    875        1    0 
    875        0    0 
    876        1    0 
    876        0    0 
    877        1    0 
    877        0    0 
    878        1    0 
    878        0    0 
    879        1    0 
    879        0    0 
    880        1    0 
    880        0    0 
    881        1    0 
    881        0    0 
    882        1    0 
    882        0    0 
    883        1    0 
    883        0    0 
    884        1    0 
    884        0    0 
    885        1    0 
    885        0    0 
    886        1    0 
    886        0    0 
    887        1    0 
    887        0    0 
    888        1    0 
    888        0    0 
    889        1    0 
    889        0    0 
    890        1    0 
    890        0    0 
    891        1    0 
    891        0    0 
    892        1    0 
    892        0    0 
    893        1    0 
    893        0    0 
    894        1    0 
    894        0    0 
    895        1    0 
    895        0    0 
    896        1    0 
    896        0    0 
    897        1    0 
    897        0    0 
    898        1    0 
    898        0    0 
    899        1    0 
    899        0    0 
    900        1    0 
    900        0    0 
    901        1    0 
    901        0    0 
    902        1    0 
    902        0    0 
    903        1    0 
    903        0    0 
    904        1    0 
    904        0    0 
    905        1    0 
    905        0    0 
    906        1    0 
    906        0    0 
    907        1    0 
    907        0    0 
    908        1    0 
    908        0    0 
    909        1    0 
    909        0    0 
    910        1    0 
    910        0    0 
    911        1    0 
    911        0    0 
    912        1    0 
    912        0    0 
    913        1    0 
    913        0    0 
    914        1    0 
    914        0    0 
    915        1    0 
    915        0    0 
    916        1    0 
    916        0    0 
    917        1    0 
    917        0    0 
    918        1    0 
    918        0    0 
    919        1    0 
    919        0    0 
    920        1    0 
    920        0    0 
    921        1    0 
    921        0    0 
    922        1    0 
    922        0    0 
    923        1    0 
    923        0    0 
    924        1    0 
    924        0    0 
    925        1    0 
    925        0    0 
    926        1    0 
    926        0    0 
    927        1    0 
    927        0    0 
    928        1    0 
    928        0    0 
    929        1    0 
    929        0    0 
    930        1    0 
    930        0    0 
    931        1    0 
    931        0    0 
    932        1    0 
    932        0    0 
    933        1    0 
    933        0    0 
    934        1    0 
    934        0    0 
    935        1    0 
    935        0    0 
    936        1    0 
    936        0    0 
    937        1    0 
    937        0    0 
    938        1    0 
    938        0    0 
    939        1    0 
    939        0    0 
    940        1    0 
    940        0    0 
    941        1    0 
    941        0    0 
    942        1    0 
    942        0    0 
    943        1    0 
    943        0    0 
    944        1    0 
    944        0    0 
    945        1    0 
    945        0    0 
    946        1    0 
    946        0    0 
    947        1    0 
    947        0    0 
    948        1    0 
    948        0    0 
    949        1    0 
    949        0    0 
    950        1    0 
    950        0    0 
    951        1    0 
    951        0    0 
    952        1    0 
    952        0    0 
    953        1    0 
    953        0    0 
    954        1    0 
    954        0    0 
    955        1    0 
    955        0    0 
    956        1    0 
    956        0    0 
    957        1    0 
    957        0    0 
    958        1    0 
    958        0    0 
    959        1    0 
    959        0    0 
    960        1    0 
    960        0    0 
    961        1    0 
    961        0    0 
    962        1    0 
    962        0    0 
    963        1    0 
    963        0    0 
    964        1    0 
    964        0    0 
    965        1    0 
    965        0    0 
    966        1    0 
    966        0    0 
    967        1    0 
    967        0    0 
    968        1    0 
    968        0    0 
    969        1    0 
    969        0    0 
    970        1    0 
    970        0    0 
    971        1    0 
    971        0    0 
    972        1    0 
    972        0    0 
    973        1    0 
    973        0    0 
    974        1    0 
    974        0    0 
    975        1    0 
    975        0    0 
    976        1    0 
    976        0    0 
    977        1    0 
    977        0    0 
    978        1    0 
    978        0    0 
    979        1    0 
    979        0    0 
    980        1    0 
    980        0    0 
    981        1    0 
    981        0    0 
    982        1    0 
    982        0    0 
    983        1    0 
    983        0    0 
    984        1    0 
    984        0    0 
    985        1    0 
    985        0    0 
    986        1    0 
    986        0    0 
    987        1    0 
    987        0    0 
    988        1    0 
    988        0    0 
    989        1    0 
    989        0    0 
    990        1    0 
    990        0    0 
    991        1    0 
    991        0    0 
    992        1    0 
    992        0    0 
    993        1    0 
    993        0    0 
    994        1    0 
    994        0    0 
    995        1    0 
    995        0    0 
    996        1    0 
    996        0    0 
    997        1    0 
    997        0    0 
    998        1    0 
    998        0    0 
    999        1    0 
    999        0    0 
   1000        1    0 
   1000        0    0 
   1001        1    0 
   1001        0    0 
   1002        1    0 
   1002        0    0 
   1003        1    0 
   1003        0    0 
   1004        1    0 
   1004        0    0 
   1005        1    0 
   1005        0    0 
   1006        1    0 
   1006        0    0 
   1007        1    0 
   1007        0    0 
   1008        1    0 
   1008        0    0 
   1009        1    0 
   1009        0    0 
   1010        1    0 
   1010        0    0 
   1011        1    0 
   1011        0    0 
   1012        1    0 
   1012        0    0 
   1013        1    0 
   1013        0    0 
   1014        1    0 
   1014        0    0 
   1015        1    0 
   1015        0    0 
   1016        1    0 
   1016        0    0 
   1017        1    0 
   1017        0    0 
   1018        1    0 
   1018        0    0 
   1019        1    0 
   1019        0    0 
   1020        1    0 
   1020        0    0 
   1021        1    0 
   1021        0    0 
   1022        1    0 
   1022        0    0 
   1023        1    0 
   1023        0    0 
   1024        1    0 
   1024        0    0 
   1025        1    0 
   1025        0    0 
   1026        1    0 
   1026        0    0 
   1027        1    0 
   1027        0    0 
   1028        1    0 
   1028        0    0 
   1029        1    0 
   1029        0    0 
   1030        1    0 
   1030        0    0 
   1031        1    0 
   1031        0    0 
   1032        1    0 
   1032        0    0 
   1033        1    0 
   1033        0    0 
   1034        1    0 
   1034        0    0 
   1035        1    0 
   1035        0    0 
   1036        1    0 
   1036        0    0 
   1037        1    0 
   1037        0    0 
   1038        1    0 
   1038        0    0 
   1039        1    0 
   1039        0    0 
   1040        1    0 
   1040        0    0 
   1041        1    0 
   1041        0    0 
   1042        1    0 
   1042        0    0 
   1043        1    0 
   1043        0    0 
   1044        1    0 
   1044        0    0 
   1045        1    0 
   1045        0    0 
   1046        1    0 
   1046        0    0 
   1047        1    0 
   1047        0    0 
   1048        1    0 
   1048        0    0 
   1049        1    0 
   1049        0    0 
   1050        1    0 
   1050        0    0 
   1051        1    0 
   1051        0    0 
   1052        1    0 
   1052        0    0 
   1053        1    0 
   1053        0    0 
   1054        1    0 
   1054        0    0 
   1055        1    0 
   1055        0    0 
   1056        1    0 
   1056        0    0 
   1057        1    0 
   1057        0    0 
   1058        1    0 
   1058        0    0 
   1059        1    0 
   1059        0    0 
   1060        1    0 
   1060        0    0 
   1061        1    0 
   1061        0    0 
   1062        1    0 
   1062        0    0 
   1063        1    0 
   1063        0    0 
   1064        1    0 
   1064        0    0 
   1065        1    0 
   1065        0    0 
   1066        1    0 
   1066        0    0 
   1067        1    0 
   1067        0    0 
   1068        1    0 
   1068        0    0 
   1069        1    0 
   1069        0    0 
   1070        1    0 
   1070        0    0 
   1071        1    0 
   1071        0    0 
   1072        1    0 
   1072        0    0 
   1073        1    0 
   1073        0    0 
   1074        1    0 
   1074        0    0 
   1075        1    0 
   1075        0    0 
   1076        1    0 
   1076        0    0 
   1077        1    0 
   1077        0    0 
   1078        1    0 
   1078        0    0 
   1079        1    0 
   1079        0    0 
   1080        1    0 
   1080        0    0 
   1081        1    0 
   1081        0    0 
   1082        1    0 
   1082        0    0 
   1083        1    0 
   1083        0    0 
   1084        1    0 
   1084        0    0 
   1085        1    0 
   1085        0    0 
   1086        1    0 
   1086        0    0 
   1087        1    0 
   1087        0    0 
   1088        1    0 
   1088        0    0 
   1089        1    0 
   1089        0    0 
   1090        1    0 
   1090        0    0 
   1091        1    0 
   1091        0    0 
   1092        1    0 
   1092        0    0 
   1093        1    0 
   1093        0    0 
   1094        1    0 
   1094        0    0 
   1095        1    0 
   1095        0    0 
   1096        1    0 
   1096        0    0 
   1097        1    0 
   1097        0    0 
   1098        1    0 
   1098        0    0 
   1099        1    0 
   1099        0    0 
   1100        1    0 
   1100        0    0 
   1101        1    0 
   1101        0    0 
   1102        1    0 
   1102        0    0 
   1103        1    0 
   1103        0    0 
   1104        1    0 
   1104        0    0 
   1105        1    0 
   1105        0    0 
   1106        1    0 
   1106        0    0 
   1107        1    0 
   1107        0    0 
   1108        1    0 
   1108        0    0 
   1109        1    0 
   1109        0    0 
   1110        1    0 
   1110        0    0 
   1111        1    0 
   1111        0    0 
   1112        1    0 
   1112        0    0 
   1113        1    0 
   1113        0    0 
   1114        1    0 
   1114        0    0 
   1115        1    0 
   1115        0    0 
   1116        1    0 
   1116        0    0 
   1117        1    0 
   1117        0    0 
   1118        1    0 
   1118        0    0 
   1119        1    0 
   1119        0    0 
   1120        1    0 
   1120        0    0 
   1121        1    0 
   1121        0    0 
   1122        1    0 
   1122        0    0 
   1123        1    0 
   1123        0    0 
   1124        1    0 
   1124        0    0 
   1125        1    0 
   1125        0    0 
   1126        1    0 
   1126        0    0 
   1127        1    0 
   1127        0    0 
   1128        1    0 
   1128        0    0 
   1129        1    0 
   1129        0    0 
   1130        1    0 
   1130        0    0 
   1131        1    0 
   1131        0    0 
   1132        1    0 
   1132        0    0 
   1133        1    0 
   1133        0    0 
   1134        1    0 
   1134        0    0 
   1135        1    0 
   1135        0    0 
   1136        1    0 
   1136        0    0 
   1137        1    0 
   1137        0    0 
   1138        1    0 
   1138        0    0 
   1139        1    0 
   1139        0    0 
   1140        1    0 
   1140        0    0 
   1141        1    0 
   1141        0    0 
   1142        1    0 
   1142        0    0 
   1143        1    0 
   1143        0    0 
   1144        1    0 
   1144        0    0 
