 student  school  class     SC    TV  PTHK   THK     y 
   1       403    403101     1     0    2      3     1   
   2       403    403101     1     0    4      4     1   
   3       403    403101     1     0    4      3     1   
   4       403    403101     1     0    3      4     1   
   5       403    403101     1     0    3      4     1   
   6       403    403101     1     0    4      3     1   
   7       403    403101     1     0    2      2     0   
   8       403    403101     1     0    4      4     1   
   9       403    403101     1     0    5      5     1   
  10       403    403101     1     0    3      4     1   
  11       403    403101     1     0    3      3     1   
  12       403    403101     1     0    3      4     1   
  13       403    403101     1     0    1      3     1   
  14       403    403101     1     0    2      4     1   
  15       403    403101     1     0    2      2     0   
  16       403    403101     1     0    1      4     1   
  17       403    403101     1     0    4      4     1   
  18       403    403101     1     0    3      3     1   
  19       403    403101     1     0    0      3     1   
  20       403    403101     1     0    3      4     1   
  21       403    403102     1     0    0      2     0   
  22       403    403102     1     0    1      5     1   
  23       403    403102     1     0    5      3     1   
  24       404    404101     1     1    1      3     1   
  25       404    404101     1     1    2      4     1   
  26       404    404101     1     1    4      2     0   
  27       404    404101     1     1    3      3     1   
  28       404    404101     1     1    1      2     0   
  29       404    404101     1     1    1      1     0   
  30       404    404101     1     1    2      3     1   
  31       404    404101     1     1    0      5     1   
  32       404    404101     1     1    1      2     0   
  33       404    404101     1     1    2      3     1   
  34       404    404101     1     1    2      4     1   
  35       404    404102     1     1    1      3     1   
  36       404    404102     1     1    1      1     0   
  37       404    404102     1     1    0      0     0   
  38       404    404102     1     1    4      4     1   
  39       404    404102     1     1    1      5     1   
  40       404    404102     1     1    2      3     1   
  41       404    404102     1     1    1      3     1   
  42       404    404102     1     1    2      4     1   
  43       404    404102     1     1    2      2     0   
  44       404    404103     1     1    2      3     1   
  45       404    404103     1     1    1      2     0   
  46       404    404103     1     1    2      2     0   
  47       404    404103     1     1    1      3     1   
  48       404    404103     1     1    1      3     1   
  49       193    193101     0     0    1      2     0   
  50       193    193101     0     0    3      2     0   
  51       193    193101     0     0    0      3     1   
  52       193    193101     0     0    3      2     0   
  53       193    193101     0     0    1      1     0   
  54       193    193101     0     0    2      2     0   
  55       193    193101     0     0    3      4     1   
  56       193    193101     0     0    3      2     0   
  57       193    193101     0     0    3      3     1   
  58       193    193101     0     0    1      3     1   
  59       193    193101     0     0    5      1     0   
  60       193    193101     0     0    1      2     0   
  61       193    193101     0     0    3      1     0   
  62       193    193101     0     0    2      2     0   
  63       193    193101     0     0    0      1     0   
  64       193    193101     0     0    3      4     1   
  65       193    193101     0     0    4      3     1   
  66       193    193101     0     0    2      5     1   
  67       193    193101     0     0    2      4     1   
  68       193    193101     0     0    3      1     0   
  69       193    193101     0     0    2      3     1   
  70       193    193101     0     0    3      3     1   
  71       193    193101     0     0    1      2     0   
  72       193    193101     0     0    2      4     1   
  73       193    193101     0     0    0      3     1   
  74       193    193101     0     0    3      2     0   
  75       194    194101     0     0    3      1     0   
  76       194    194101     0     0    1      2     0   
  77       194    194101     0     0    2      3     1   
  78       194    194101     0     0    2      3     1   
  79       194    194101     0     0    0      1     0   
  80       194    194101     0     0    0      3     1   
  81       194    194101     0     0    4      2     0   
  82       194    194101     0     0    2      2     0   
  83       194    194101     0     0    1      3     1   
  84       194    194101     0     0    1      2     0   
  85       194    194101     0     0    1      1     0   
  86       194    194102     0     0    2      3     1   
  87       194    194102     0     0    4      4     1   
  88       194    194102     0     0    4      3     1   
  89       194    194102     0     0    2      3     1   
  90       194    194102     0     0    0      0     0   
  91       194    194102     0     0    4      4     1   
  92       194    194102     0     0    4      2     0   
  93       194    194102     0     0    2      3     1   
  94       194    194102     0     0    0      2     0   
  95       194    194102     0     0    4      2     0   
  96       194    194103     0     0    2      2     0   
  97       194    194103     0     0    2      2     0   
  98       194    194103     0     0    2      2     0   
  99       194    194103     0     0    2      0     0   
 100       194    194103     0     0    3      5     1   
 101       194    194103     0     0    2      0     0   
 102       194    194103     0     0    2      4     1   
 103       194    194103     0     0    0      0     0   
 104       194    194103     0     0    0      4     1   
 105       194    194103     0     0    2      2     0   
 106       194    194103     0     0    1      1     0   
 107       194    194103     0     0    3      1     0   
 108       194    194103     0     0    2      0     0   
 109       194    194103     0     0    5      1     0   
 110       194    194103     0     0    1      1     0   
 111       194    194104     0     0    1      1     0   
 112       194    194104     0     0    4      4     1   
 113       194    194104     0     0    3      4     1   
 114       194    194104     0     0    3      4     1   
 115       194    194104     0     0    1      3     1   
 116       194    194104     0     0    5      4     1   
 117       194    194104     0     0    1      2     0   
 118       194    194104     0     0    4      3     1   
 119       194    194104     0     0    2      1     0   
 120       194    194104     0     0    2      1     0   
 121       194    194104     0     0    2      1     0   
 122       194    194104     0     0    2      3     1   
 123       194    194105     0     0    2      2     0   
 124       194    194105     0     0    2      2     0   
 125       194    194105     0     0    2      1     0   
 126       194    194105     0     0    3      2     0   
 127       194    194105     0     0    2      2     0   
 128       194    194105     0     0    4      2     0   
 129       194    194105     0     0    3      5     1   
 130       194    194105     0     0    0      4     1   
 131       194    194105     0     0    0      1     0   
 132       194    194105     0     0    1      5     1   
 133       194    194105     0     0    2      3     1   
 134       194    194105     0     0    1      2     0   
 135       194    194106     0     0    3      2     0   
 136       194    194106     0     0    2      2     0   
 137       194    194106     0     0    2      5     1   
 138       194    194106     0     0    2      4     1   
 139       194    194106     0     0    5      4     1   
 140       194    194106     0     0    3      5     1   
 141       194    194106     0     0    3      5     1   
 142       194    194106     0     0    3      3     1   
 143       194    194106     0     0    1      0     0   
 144       194    194106     0     0    2      5     1   
 145       196    196101     1     0    3      4     1   
 146       196    196101     1     0    3      4     1   
 147       196    196101     1     0    4      2     0   
 148       196    196101     1     0    5      4     1   
 149       196    196101     1     0    1      3     1   
 150       196    196101     1     0    2      2     0   
 151       196    196101     1     0    4      4     1   
 152       196    196101     1     0    2      1     0   
 153       196    196101     1     0    4      4     1   
 154       196    196101     1     0    1      2     0   
 155       196    196101     1     0    2      4     1   
 156       196    196101     1     0    3      4     1   
 157       196    196101     1     0    2      3     1   
 158       196    196101     1     0    4      3     1   
 159       196    196101     1     0    3      1     0   
 160       196    196101     1     0    2      5     1   
 161       196    196101     1     0    2      3     1   
 162       196    196101     1     0    2      3     1   
 163       196    196101     1     0    3      3     1   
 164       196    196101     1     0    2      3     1   
 165       196    196101     1     0    3      3     1   
 166       196    196102     1     0    4      4     1   
 167       196    196102     1     0    3      3     1   
 168       196    196102     1     0    3      3     1   
 169       196    196102     1     0    0      3     1   
 170       196    196102     1     0    0      2     0   
 171       196    196102     1     0    3      4     1   
 172       196    196102     1     0    4      4     1   
 173       196    196102     1     0    2      4     1   
 174       196    196102     1     0    0      3     1   
 175       196    196102     1     0    1      4     1   
 176       197    197101     0     0    2      5     1   
 177       197    197101     0     0    1      2     0   
 178       197    197101     0     0    2      5     1   
 179       197    197101     0     0    2      2     0   
 180       197    197101     0     0    3      2     0   
 181       197    197101     0     0    4      3     1   
 182       197    197101     0     0    1      2     0   
 183       197    197101     0     0    1      1     0   
 184       197    197101     0     0    3      3     1   
 185       197    197101     0     0    0      0     0   
 186       197    197101     0     0    1      1     0   
 187       197    197101     0     0    3      1     0   
 188       197    197101     0     0    3      4     1   
 189       197    197101     0     0    5      5     1   
 190       197    197101     0     0    0      2     0   
 191       197    197101     0     0    4      3     1   
 192       197    197101     0     0    3      2     0   
 193       197    197102     0     0    1      4     1   
 194       197    197102     0     0    0      1     0   
 195       197    197102     0     0    2      1     0   
 196       197    197102     0     0    4      6     1   
 197       197    197102     0     0    2      2     0   
 198       197    197102     0     0    3      5     1   
 199       197    197102     0     0    3      3     1   
 200       197    197102     0     0    3      1     0   
 201       197    197102     0     0    3      4     1   
 202       197    197102     0     0    1      2     0   
 203       197    197102     0     0    3      2     0   
 204       197    197102     0     0    2      1     0   
 205       197    197102     0     0    2      1     0   
 206       197    197102     0     0    3      3     1   
 207       197    197102     0     0    2      2     0   
 208       197    197102     0     0    2      1     0   
 209       197    197102     0     0    2      1     0   
 210       197    197102     0     0    1      1     0   
 211       197    197102     0     0    2      1     0   
 212       197    197103     0     0    0      4     1   
 213       197    197103     0     0    1      3     1   
 214       197    197104     0     0    1      1     0   
 215       197    197104     0     0    2      3     1   
 216       197    197104     0     0    1      4     1   
 217       197    197104     0     0    2      2     0   
 218       198    198101     1     1    1      2     0   
 219       198    198101     1     1    2      4     1   
 220       198    198101     1     1    2      4     1   
 221       198    198101     1     1    4      5     1   
 222       198    198101     1     1    1      3     1   
 223       198    198101     1     1    3      5     1   
 224       198    198101     1     1    5      3     1   
 225       198    198101     1     1    3      1     0   
 226       198    198101     1     1    2      4     1   
 227       198    198101     1     1    2      4     1   
 228       198    198101     1     1    3      3     1   
 229       198    198101     1     1    3      4     1   
 230       198    198101     1     1    3      1     0   
 231       198    198101     1     1    0      0     0   
 232       198    198101     1     1    2      4     1   
 233       198    198101     1     1    3      4     1   
 234       198    198101     1     1    3      1     0   
 235       198    198101     1     1    3      4     1   
 236       198    198101     1     1    1      2     0   
 237       198    198101     1     1    2      4     1   
 238       198    198101     1     1    5      1     0   
 239       198    198102     1     1    3      3     1   
 240       198    198102     1     1    2      2     0   
 241       198    198102     1     1    1      4     1   
 242       198    198102     1     1    0      3     1   
 243       198    198102     1     1    3      4     1   
 244       198    198102     1     1    2      4     1   
 245       198    198102     1     1    1      2     0   
 246       198    198102     1     1    0      2     0   
 247       198    198102     1     1    1      2     0   
 248       198    198102     1     1    2      1     0   
 249       198    198102     1     1    2      1     0   
 250       198    198102     1     1    2      4     1   
 251       198    198102     1     1    1      2     0   
 252       198    198102     1     1    1      2     0   
 253       198    198102     1     1    3      1     0   
 254       198    198102     1     1    2      2     0   
 255       198    198103     1     1    2      2     0   
 256       198    198103     1     1    0      1     0   
 257       198    198103     1     1    3      2     0   
 258       198    198103     1     1    2      3     1   
 259       198    198103     1     1    1      3     1   
 260       198    198103     1     1    5      4     1   
 261       198    198103     1     1    1      3     1   
 262       198    198103     1     1    2      2     0   
 263       198    198103     1     1    2      2     0   
 264       198    198103     1     1    1      3     1   
 265       198    198103     1     1    1      1     0   
 266       198    198103     1     1    5      1     0   
 267       198    198103     1     1    1      0     0   
 268       198    198103     1     1    1      2     0   
 269       198    198103     1     1    4      3     1   
 270       199    199101     0     1    1      0     0   
 271       199    199101     0     1    4      4     1   
 272       199    199101     0     1    3      2     0   
 273       199    199101     0     1    0      1     0   
 274       199    199101     0     1    3      2     0   
 275       199    199101     0     1    2      1     0   
 276       199    199101     0     1    2      3     1   
 277       199    199101     0     1    1      3     1   
 278       199    199101     0     1    0      2     0   
 279       199    199101     0     1    1      3     1   
 280       199    199101     0     1    1      2     0   
 281       199    199101     0     1    1      4     1   
 282       199    199101     0     1    2      2     0   
 283       199    199102     0     1    1      0     0   
 284       199    199102     0     1    3      1     0   
 285       199    199103     0     1    2      3     1   
 286       199    199103     0     1    2      2     0   
 287       199    199103     0     1    1      0     0   
 288       199    199103     0     1    3      3     1   
 289       199    199103     0     1    2      1     0   
 290       199    199103     0     1    3      5     1   
 291       199    199103     0     1    1      1     0   
 292       199    199103     0     1    1      2     0   
 293       199    199103     0     1    1      5     1   
 294       199    199103     0     1    2      2     0   
 295       199    199103     0     1    3      3     1   
 296       199    199103     0     1    1      1     0   
 297       199    199103     0     1    4      2     0   
 298       199    199103     0     1    2      4     1   
 299       199    199104     0     1    1      1     0   
 300       199    199104     0     1    0      1     0   
 301       199    199104     0     1    2      3     1   
 302       199    199104     0     1    2      3     1   
 303       199    199104     0     1    2      1     0   
 304       199    199104     0     1    1      2     0   
 305       199    199104     0     1    2      3     1   
 306       199    199104     0     1    4      1     0   
 307       199    199104     0     1    2      3     1   
 308       199    199104     0     1    0      2     0   
 309       199    199104     0     1    2      1     0   
 310       199    199104     0     1    2      3     1   
 311       199    199104     0     1    2      1     0   
 312       199    199105     0     1    0      1     0   
 313       199    199106     0     1    2      4     1   
 314       199    199106     0     1    0      2     0   
 315       199    199106     0     1    3      2     0   
 316       199    199106     0     1    4      1     0   
 317       199    199106     0     1    2      2     0   
 318       199    199106     0     1    1      4     1   
 319       199    199106     0     1    0      3     1   
 320       199    199106     0     1    1      4     1   
 321       199    199106     0     1    3      2     0   
 322       199    199106     0     1    1      1     0   
 323       199    199106     0     1    1      2     0   
 324       199    199106     0     1    3      5     1   
 325       401    401101     1     1    3      4     1   
 326       401    401101     1     1    1      3     1   
 327       401    401101     1     1    3      1     0   
 328       401    401101     1     1    3      3     1   
 329       401    401101     1     1    1      2     0   
 330       401    401101     1     1    2      3     1   
 331       401    401101     1     1    1      3     1   
 332       401    401101     1     1    0      3     1   
 333       401    401101     1     1    3      5     1   
 334       401    401101     1     1    1      3     1   
 335       401    401101     1     1    3      3     1   
 336       401    401101     1     1    5      3     1   
 337       401    401101     1     1    2      4     1   
 338       401    401101     1     1    2      5     1   
 339       401    401101     1     1    0      2     0   
 340       401    401101     1     1    0      1     0   
 341       401    401101     1     1    2      5     1   
 342       401    401101     1     1    2      4     1   
 343       401    401102     1     1    2      4     1   
 344       401    401102     1     1    5      3     1   
 345       401    401102     1     1    3      4     1   
 346       401    401102     1     1    3      1     0   
 347       401    401102     1     1    0      2     0   
 348       401    401102     1     1    2      3     1   
 349       401    401102     1     1    4      3     1   
 350       401    401102     1     1    2      4     1   
 351       401    401102     1     1    3      2     0   
 352       401    401102     1     1    2      4     1   
 353       401    401102     1     1    2      3     1   
 354       401    401102     1     1    1      4     1   
 355       401    401102     1     1    4      3     1   
 356       401    401102     1     1    2      1     0   
 357       401    401102     1     1    2      2     0   
 358       401    401102     1     1    5      5     1   
 359       401    401102     1     1    2      4     1   
 360       401    401102     1     1    2      3     1   
 361       401    401102     1     1    2      3     1   
 362       401    401102     1     1    3      5     1   
 363       401    401102     1     1    3      3     1   
 364       402    402101     0     0    2      2     0   
 365       402    402101     0     0    3      4     1   
 366       402    402101     0     0    3      4     1   
 367       402    402101     0     0    2      2     0   
 368       402    402101     0     0    4      2     0   
 369       402    402101     0     0    2      3     1   
 370       402    402101     0     0    2      2     0   
 371       402    402101     0     0    3      2     0   
 372       402    402101     0     0    2      3     1   
 373       402    402101     0     0    4      5     1   
 374       402    402101     0     0    1      2     0   
 375       402    402101     0     0    1      4     1   
 376       402    402101     0     0    2      2     0   
 377       402    402101     0     0    2      4     1   
 378       402    402101     0     0    4      2     0   
 379       402    402101     0     0    1      2     0   
 380       402    402101     0     0    5      1     0   
 381       402    402102     0     0    0      3     1   
 382       402    402102     0     0    2      2     0   
 383       402    402102     0     0    2      2     0   
 384       402    402102     0     0    2      1     0   
 385       402    402102     0     0    3      2     0   
 386       402    402102     0     0    2      1     0   
 387       402    402102     0     0    1      0     0   
 388       402    402102     0     0    2      1     0   
 389       402    402102     0     0    3      1     0   
 390       402    402102     0     0    3      3     1   
 391       402    402102     0     0    2      1     0   
 392       402    402102     0     0    1      3     1   
 393       402    402102     0     0    4      4     1   
 394       402    402102     0     0    4      4     1   
 395       402    402102     0     0    6      7     1   
 396       402    402102     0     0    2      1     0   
 397       405    405101     0     1    3      3     1   
 398       405    405101     0     1    2      4     1   
 399       405    405101     0     1    1      3     1   
 400       405    405101     0     1    3      2     0   
 401       405    405101     0     1    3      2     0   
 402       405    405101     0     1    3      2     0   
 403       405    405101     0     1    3      4     1   
 404       405    405101     0     1    1      1     0   
 405       405    405101     0     1    2      3     1   
 406       405    405101     0     1    2      4     1   
 407       405    405101     0     1    2      2     0   
 408       405    405101     0     1    2      1     0   
 409       405    405101     0     1    5      5     1   
 410       405    405101     0     1    2      4     1   
 411       405    405101     0     1    4      4     1   
 412       405    405102     0     1    2      2     0   
 413       405    405102     0     1    0      2     0   
 414       405    405102     0     1    3      2     0   
 415       405    405102     0     1    1      1     0   
 416       405    405102     0     1    1      0     0   
 417       405    405102     0     1    4      5     1   
 418       405    405102     0     1    4      4     1   
 419       405    405102     0     1    2      1     0   
 420       405    405102     0     1    5      4     1   
 421       405    405102     0     1    1      1     0   
 422       405    405102     0     1    1      0     0   
 423       405    405102     0     1    2      3     1   
 424       405    405102     0     1    1      1     0   
 425       405    405102     0     1    1      1     0   
 426       405    405102     0     1    2      1     0   
 427       405    405102     0     1    3      2     0   
 428       405    405103     0     1    2      2     0   
 429       405    405103     0     1    2      1     0   
 430       405    405103     0     1    2      3     1   
 431       405    405103     0     1    5      4     1   
 432       405    405103     0     1    4      1     0   
 433       405    405103     0     1    4      4     1   
 434       405    405103     0     1    2      4     1   
 435       405    405103     0     1    2      1     0   
 436       405    405103     0     1    4      6     1   
 437       405    405103     0     1    2      3     1   
 438       405    405103     0     1    3      3     1   
 439       405    405103     0     1    0      3     1   
 440       405    405103     0     1    2      4     1   
 441       405    405103     0     1    2      1     0   
 442       405    405103     0     1    1      1     0   
 443       405    405103     0     1    0      2     0   
 444       405    405103     0     1    1      4     1   
 445       405    405103     0     1    4      3     1   
 446       405    405103     0     1    2      2     0   
 447       405    405103     0     1    1      3     1   
 448       405    405103     0     1    2      1     0   
 449       407    407101     0     1    1      4     1   
 450       407    407101     0     1    1      3     1   
 451       407    407101     0     1    2      1     0   
 452       407    407101     0     1    4      5     1   
 453       407    407101     0     1    1      3     1   
 454       407    407101     0     1    3      4     1   
 455       407    407101     0     1    2      4     1   
 456       407    407101     0     1    3      5     1   
 457       407    407101     0     1    1      5     1   
 458       407    407101     0     1    0      4     1   
 459       407    407101     0     1    1      4     1   
 460       407    407101     0     1    3      4     1   
 461       407    407101     0     1    3      4     1   
 462       407    407101     0     1    0      3     1   
 463       407    407101     0     1    2      5     1   
 464       407    407101     0     1    1      2     0   
 465       407    407101     0     1    1      3     1   
 466       407    407101     0     1    1      0     0   
 467       407    407101     0     1    3      4     1   
 468       407    407101     0     1    2      2     0   
 469       407    407101     0     1    3      3     1   
 470       407    407102     0     1    1      3     1   
 471       407    407102     0     1    2      2     0   
 472       407    407102     0     1    1      1     0   
 473       407    407102     0     1    3      4     1   
 474       407    407102     0     1    2      4     1   
 475       407    407102     0     1    0      3     1   
 476       407    407102     0     1    2      5     1   
 477       407    407102     0     1    2      5     1   
 478       407    407102     0     1    2      3     1   
 479       407    407102     0     1    2      3     1   
 480       407    407102     0     1    2      5     1   
 481       407    407102     0     1    2      2     0   
 482       407    407102     0     1    1      2     0   
 483       407    407102     0     1    1      3     1   
 484       407    407102     0     1    5      2     0   
 485       407    407102     0     1    2      3     1   
 486       407    407102     0     1    2      1     0   
 487       407    407102     0     1    2      4     1   
 488       407    407102     0     1    1      3     1   
 489       407    407102     0     1    1      1     0   
 490       407    407102     0     1    2      2     0   
 491       407    407102     0     1    0      1     0   
 492       407    407102     0     1    1      4     1   
 493       407    407102     0     1    1      4     1   
 494       407    407102     0     1    0      2     0   
 495       407    407102     0     1    3      4     1   
 496       407    407102     0     1    2      3     1   
 497       407    407103     0     1    3      1     0   
 498       407    407103     0     1    4      3     1   
 499       407    407103     0     1    2      4     1   
 500       407    407103     0     1    2      2     0   
 501       407    407103     0     1    1      1     0   
 502       407    407103     0     1    1      2     0   
 503       407    407103     0     1    3      3     1   
 504       407    407103     0     1    3      0     0   
 505       407    407103     0     1    5      5     1   
 506       407    407103     0     1    2      2     0   
 507       407    407103     0     1    1      0     0   
 508       407    407103     0     1    2      1     0   
 509       407    407103     0     1    1      4     1   
 510       407    407103     0     1    4      2     0   
 511       407    407103     0     1    4      2     0   
 512       407    407103     0     1    2      4     1   
 513       407    407103     0     1    3      3     1   
 514       408    408101     1     0    2      1     0   
 515       408    408101     1     0    2      1     0   
 516       408    408101     1     0    1      1     0   
 517       408    408102     1     0    0      0     0   
 518       408    408102     1     0    1      0     0   
 519       408    408103     1     0    3      3     1   
 520       408    408103     1     0    1      1     0   
 521       408    408103     1     0    5      5     1   
 522       408    408103     1     0    4      6     1   
 523       408    408103     1     0    4      4     1   
 524       408    408103     1     0    2      3     1   
 525       408    408103     1     0    4      4     1   
 526       408    408103     1     0    2      6     1   
 527       408    408103     1     0    2      2     0   
 528       408    408103     1     0    5      4     1   
 529       408    408103     1     0    2      4     1   
 530       408    408103     1     0    2      3     1   
 531       408    408103     1     0    1      2     0   
 532       408    408103     1     0    5      5     1   
 533       408    408103     1     0    4      6     1   
 534       408    408104     1     0    3      3     1   
 535       408    408104     1     0    1      3     1   
 536       408    408104     1     0    0      2     0   
 537       408    408104     1     0    0      3     1   
 538       408    408104     1     0    4      6     1   
 539       408    408104     1     0    2      2     0   
 540       408    408104     1     0    4      2     0   
 541       409    409101     0     0    1      2     0   
 542       409    409101     0     0    1      2     0   
 543       409    409101     0     0    4      4     1   
 544       409    409101     0     0    4      4     1   
 545       409    409101     0     0    1      3     1   
 546       409    409101     0     0    1      2     0   
 547       409    409101     0     0    3      1     0   
 548       409    409101     0     0    1      1     0   
 549       409    409101     0     0    3      4     1   
 550       409    409101     0     0    2      2     0   
 551       409    409101     0     0    4      4     1   
 552       409    409101     0     0    1      1     0   
 553       409    409101     0     0    2      1     0   
 554       409    409101     0     0    4      3     1   
 555       409    409101     0     0    2      1     0   
 556       409    409101     0     0    2      1     0   
 557       409    409101     0     0    1      2     0   
 558       409    409101     0     0    2      3     1   
 559       409    409101     0     0    0      4     1   
 560       409    409101     0     0    2      4     1   
 561       409    409101     0     0    1      5     1   
 562       409    409101     0     0    0      1     0   
 563       409    409101     0     0    3      3     1   
 564       409    409101     0     0    2      3     1   
 565       409    409102     0     0    2      1     0   
 566       409    409102     0     0    4      3     1   
 567       409    409102     0     0    2      4     1   
 568       409    409102     0     0    1      1     0   
 569       409    409102     0     0    2      1     0   
 570       409    409102     0     0    3      2     0   
 571       409    409102     0     0    1      2     0   
 572       409    409102     0     0    3      2     0   
 573       409    409102     0     0    1      3     1   
 574       409    409102     0     0    0      1     0   
 575       409    409102     0     0    4      3     1   
 576       409    409102     0     0    2      3     1   
 577       409    409102     0     0    5      3     1   
 578       409    409102     0     0    3      4     1   
 579       409    409102     0     0    4      1     0   
 580       409    409102     0     0    2      4     1   
 581       409    409102     0     0    3      1     0   
 582       409    409102     0     0    1      3     1   
 583       409    409102     0     0    2      1     0   
 584       409    409102     0     0    2      5     1   
 585       409    409102     0     0    0      2     0   
 586       409    409102     0     0    1      3     1   
 587       409    409103     0     0    3      3     1   
 588       409    409103     0     0    2      3     1   
 589       409    409103     0     0    2      1     0   
 590       409    409103     0     0    2      3     1   
 591       409    409103     0     0    0      3     1   
 592       409    409103     0     0    2      1     0   
 593       409    409103     0     0    1      2     0   
 594       409    409103     0     0    2      1     0   
 595       409    409103     0     0    1      2     0   
 596       409    409103     0     0    2      2     0   
 597       409    409103     0     0    1      0     0   
 598       409    409103     0     0    3      2     0   
 599       409    409103     0     0    1      0     0   
 600       409    409103     0     0    3      2     0   
 601       409    409103     0     0    1      0     0   
 602       409    409104     0     0    3      5     1   
 603       409    409104     0     0    3      2     0   
 604       409    409104     0     0    1      1     0   
 605       409    409104     0     0    5      6     1   
 606       409    409104     0     0    2      2     0   
 607       409    409104     0     0    2      4     1   
 608       409    409104     0     0    2      3     1   
 609       409    409104     0     0    2      2     0   
 610       409    409104     0     0    3      2     0   
 611       409    409104     0     0    4      3     1   
 612       409    409104     0     0    2      3     1   
 613       409    409104     0     0    2      2     0   
 614       409    409104     0     0    3      4     1   
 615       409    409104     0     0    3      5     1   
 616       409    409104     0     0    3      3     1   
 617       409    409104     0     0    2      4     1   
 618       409    409104     0     0    3      4     1   
 619       409    409104     0     0    3      1     0   
 620       409    409104     0     0    3      4     1   
 621       410    410101     1     1    3      1     0   
 622       410    410101     1     1    2      1     0   
 623       410    410101     1     1    0      1     0   
 624       410    410101     1     1    0      1     0   
 625       410    410101     1     1    4      4     1   
 626       410    410101     1     1    1      2     0   
 627       410    410101     1     1    1      3     1   
 628       410    410102     1     1    1      3     1   
 629       410    410102     1     1    1      3     1   
 630       410    410102     1     1    2      1     0   
 631       410    410102     1     1    4      0     0   
 632       410    410102     1     1    1      3     1   
 633       410    410102     1     1    0      2     0   
 634       410    410102     1     1    2      5     1   
 635       410    410102     1     1    2      2     0   
 636       410    410102     1     1    2      3     1   
 637       410    410102     1     1    3      3     1   
 638       410    410102     1     1    1      2     0   
 639       410    410102     1     1    2      2     0   
 640       410    410103     1     1    2      4     1   
 641       410    410103     1     1    2      2     0   
 642       410    410103     1     1    1      1     0   
 643       410    410103     1     1    3      3     1   
 644       410    410103     1     1    2      3     1   
 645       410    410103     1     1    1      1     0   
 646       410    410103     1     1    1      4     1   
 647       410    410103     1     1    5      1     0   
 648       410    410104     1     1    4      1     0   
 649       410    410104     1     1    1      2     0   
 650       410    410104     1     1    1      2     0   
 651       410    410104     1     1    0      1     0   
 652       410    410104     1     1    3      1     0   
 653       410    410104     1     1    0      2     0   
 654       411    411101     0     1    3      3     1   
 655       411    411101     0     1    1      2     0   
 656       411    411101     0     1    3      3     1   
 657       411    411101     0     1    4      3     1   
 658       411    411101     0     1    2      3     1   
 659       411    411101     0     1    2      5     1   
 660       411    411101     0     1    3      4     1   
 661       411    411101     0     1    6      5     1   
 662       411    411101     0     1    4      2     0   
 663       411    411101     0     1    1      4     1   
 664       411    411101     0     1    3      3     1   
 665       411    411102     0     1    5      5     1   
 666       411    411102     0     1    3      4     1   
 667       411    411102     0     1    4      4     1   
 668       411    411102     0     1    3      3     1   
 669       411    411102     0     1    4      4     1   
 670       411    411102     0     1    4      2     0   
 671       411    411102     0     1    0      0     0   
 672       412    412101     1     0    1      3     1   
 673       412    412101     1     0    3      5     1   
 674       412    412101     1     0    1      5     1   
 675       412    412101     1     0    2      3     1   
 676       412    412101     1     0    1      4     1   
 677       412    412101     1     0    1      2     0   
 678       412    412101     1     0    2      0     0   
 679       412    412102     1     0    1      1     0   
 680       412    412102     1     0    2      3     1   
 681       412    412102     1     0    4      4     1   
 682       412    412102     1     0    2      1     0   
 683       412    412102     1     0    1      1     0   
 684       412    412102     1     0    2      3     1   
 685       412    412102     1     0    3      4     1   
 686       412    412102     1     0    1      4     1   
 687       412    412103     1     0    3      1     0   
 688       412    412103     1     0    3      3     1   
 689       412    412103     1     0    1      2     0   
 690       412    412104     1     0    2      3     1   
 691       412    412104     1     0    0      2     0   
 692       412    412104     1     0    1      5     1   
 693       412    412104     1     0    1      3     1   
 694       412    412104     1     0    0      3     1   
 695       412    412105     1     0    1      3     1   
 696       412    412105     1     0    0      1     0   
 697       412    412105     1     0    4      2     0   
 698       412    412105     1     0    3      4     1   
 699       412    412105     1     0    2      2     0   
 700       412    412105     1     0    1      0     0   
 701       412    412105     1     0    0      2     0   
 702       412    412105     1     0    1      3     1   
 703       412    412106     1     0    3      3     1   
 704       412    412106     1     0    1      4     1   
 705       412    412106     1     0    0      3     1   
 706       414    414101     1     0    1      3     1   
 707       414    414101     1     0    1      2     0   
 708       414    414101     1     0    2      2     0   
 709       414    414101     1     0    3      4     1   
 710       414    414101     1     0    2      6     1   
 711       414    414101     1     0    1      1     0   
 712       414    414101     1     0    0      3     1   
 713       414    414101     1     0    3      2     0   
 714       414    414102     1     0    3      2     0   
 715       414    414102     1     0    0      3     1   
 716       414    414102     1     0    4      3     1   
 717       414    414102     1     0    0      3     1   
 718       414    414102     1     0    4      5     1   
 719       414    414102     1     0    0      4     1   
 720       414    414102     1     0    1      2     0   
 721       414    414102     1     0    1      4     1   
 722       414    414102     1     0    2      2     0   
 723       414    414104     1     0    2      4     1   
 724       414    414104     1     0    2      1     0   
 725       414    414104     1     0    1      2     0   
 726       414    414104     1     0    0      4     1   
 727       414    414104     1     0    3      2     0   
 728       414    414104     1     0    1      5     1   
 729       414    414104     1     0    2      2     0   
 730       414    414104     1     0    1      2     0   
 731       414    414105     1     0    3      6     1   
 732       414    414105     1     0    4      2     0   
 733       414    414106     1     0    1      3     1   
 734       414    414106     1     0    2      3     1   
 735       414    414106     1     0    2      1     0   
 736       414    414106     1     0    2      5     1   
 737       414    414106     1     0    2      3     1   
 738       414    414106     1     0    2      3     1   
 739       414    414106     1     0    0      2     0   
 740       414    414106     1     0    2      5     1   
 741       414    414106     1     0    3      2     0   
 742       414    414106     1     0    3      5     1   
 743       414    414106     1     0    2      3     1   
 744       415    415101     1     1    4      5     1   
 745       415    415101     1     1    4      5     1   
 746       415    415101     1     1    5      2     0   
 747       415    415101     1     1    2      3     1   
 748       415    415101     1     1    0      2     0   
 749       415    415101     1     1    2      3     1   
 750       415    415101     1     1    2      4     1   
 751       415    415101     1     1    3      6     1   
 752       415    415101     1     1    1      5     1   
 753       415    415102     1     1    2      3     1   
 754       415    415102     1     1    2      4     1   
 755       415    415102     1     1    1      4     1   
 756       415    415102     1     1    1      4     1   
 757       415    415102     1     1    1      2     0   
 758       415    415102     1     1    1      4     1   
 759       415    415102     1     1    1      3     1   
 760       415    415102     1     1    6      5     1   
 761       415    415102     1     1    1      4     1   
 762       415    415102     1     1    2      1     0   
 763       415    415102     1     1    4      4     1   
 764       415    415102     1     1    2      3     1   
 765       415    415102     1     1    0      4     1   
 766       415    415102     1     1    5      4     1   
 767       415    415102     1     1    3      3     1   
 768       415    415102     1     1    1      1     0   
 769       415    415102     1     1    1      4     1   
 770       415    415102     1     1    1      2     0   
 771       415    415102     1     1    1      4     1   
 772       415    415102     1     1    1      3     1   
 773       415    415102     1     1    0      2     0   
 774       415    415103     1     1    1      3     1   
 775       415    415103     1     1    2      4     1   
 776       415    415103     1     1    3      5     1   
 777       415    415103     1     1    4      5     1   
 778       415    415103     1     1    1      2     0   
 779       415    415103     1     1    2      5     1   
 780       415    415103     1     1    3      5     1   
 781       415    415103     1     1    3      1     0   
 782       415    415103     1     1    3      3     1   
 783       415    415103     1     1    3      3     1   
 784       415    415103     1     1    6      4     1   
 785       415    415103     1     1    1      4     1   
 786       415    415103     1     1    3      3     1   
 787       415    415104     1     1    2      2     0   
 788       415    415104     1     1    0      3     1   
 789       415    415104     1     1    2      3     1   
 790       415    415104     1     1    3      4     1   
 791       415    415104     1     1    3      5     1   
 792       415    415104     1     1    1      2     0   
 793       415    415104     1     1    3      3     1   
 794       415    415104     1     1    2      4     1   
 795       415    415104     1     1    4      3     1   
 796       415    415104     1     1    3      3     1   
 797       415    415104     1     1    1      1     0   
 798       415    415104     1     1    0      2     0   
 799       415    415105     1     1    2      5     1   
 800       415    415105     1     1    4      3     1   
 801       415    415105     1     1    3      5     1   
 802       415    415105     1     1    2      5     1   
 803       415    415105     1     1    1      4     1   
 804       415    415105     1     1    1      2     0   
 805       415    415105     1     1    3      3     1   
 806       415    415105     1     1    2      0     0   
 807       415    415105     1     1    0      2     0   
 808       415    415105     1     1    2      4     1   
 809       415    415105     1     1    5      4     1   
 810       415    415105     1     1    3      1     0   
 811       505    505101     1     1    2      0     0   
 812       505    505101     1     1    2      2     0   
 813       505    505101     1     1    1      1     0   
 814       505    505101     1     1    2      1     0   
 815       505    505101     1     1    5      1     0   
 816       505    505101     1     1    3      2     0   
 817       505    505101     1     1    3      2     0   
 818       505    505101     1     1    2      4     1   
 819       505    505101     1     1    0      3     1   
 820       505    505101     1     1    1      1     0   
 821       505    505101     1     1    1      2     0   
 822       505    505101     1     1    1      2     0   
 823       505    505101     1     1    3      3     1   
 824       505    505101     1     1    4      4     1   
 825       505    505102     1     1    1      5     1   
 826       505    505102     1     1    2      2     0   
 827       505    505102     1     1    2      3     1   
 828       505    505102     1     1    2      1     0   
 829       505    505102     1     1    1      3     1   
 830       505    505102     1     1    2      3     1   
 831       505    505102     1     1    2      3     1   
 832       505    505102     1     1    0      3     1   
 833       505    505102     1     1    3      6     1   
 834       505    505103     1     1    2      4     1   
 835       505    505103     1     1    2      1     0   
 836       505    505103     1     1    1      4     1   
 837       505    505103     1     1    2      3     1   
 838       505    505103     1     1    1      4     1   
 839       505    505103     1     1    3      2     0   
 840       505    505104     1     1    2      2     0   
 841       505    505104     1     1    2      3     1   
 842       505    505104     1     1    2      2     0   
 843       505    505104     1     1    3      4     1   
 844       505    505104     1     1    0      2     0   
 845       505    505104     1     1    1      2     0   
 846       505    505104     1     1    3      4     1   
 847       505    505104     1     1    0      0     0   
 848       505    505104     1     1    1      0     0   
 849       505    505104     1     1    2      4     1   
 850       505    505104     1     1    1      2     0   
 851       505    505105     1     1    1      2     0   
 852       505    505105     1     1    4      3     1   
 853       505    505105     1     1    0      2     0   
 854       505    505105     1     1    3      3     1   
 855       505    505105     1     1    2      3     1   
 856       505    505105     1     1    2      1     0   
 857       505    505105     1     1    2      3     1   
 858       505    505105     1     1    2      4     1   
 859       505    505105     1     1    0      1     0   
 860       505    505105     1     1    1      4     1   
 861       505    505106     1     1    3      2     0   
 862       505    505106     1     1    2      3     1   
 863       505    505106     1     1    2      5     1   
 864       505    505106     1     1    1      2     0   
 865       505    505106     1     1    1      3     1   
 866       505    505106     1     1    0      3     1   
 867       505    505106     1     1    4      3     1   
 868       505    505106     1     1    2      5     1   
 869       505    505106     1     1    6      2     0   
 870       505    505106     1     1    1      3     1   
 871       505    505106     1     1    1      3     1   
 872       505    505106     1     1    2      3     1   
 873       505    505107     1     1    2      4     1   
 874       505    505107     1     1    3      1     0   
 875       505    505107     1     1    1      0     0   
 876       505    505107     1     1    2      3     1   
 877       505    505107     1     1    2      2     0   
 878       505    505107     1     1    0      3     1   
 879       505    505107     1     1    3      2     0   
 880       505    505107     1     1    0      1     0   
 881       505    505107     1     1    2      1     0   
 882       505    505107     1     1    4      1     0   
 883       505    505107     1     1    4      5     1   
 884       506    506102     0     1    2      4     1   
 885       506    506102     0     1    2      2     0   
 886       506    506102     0     1    6      4     1   
 887       506    506102     0     1    2      5     1   
 888       506    506102     0     1    3      3     1   
 889       506    506102     0     1    3      6     1   
 890       506    506103     0     1    0      2     0   
 891       506    506103     0     1    3      4     1   
 892       506    506103     0     1    2      1     0   
 893       506    506103     0     1    0      4     1   
 894       506    506103     0     1    1      1     0   
 895       506    506103     0     1    1      0     0   
 896       506    506105     0     1    1      3     1   
 897       506    506105     0     1    1      4     1   
 898       506    506105     0     1    3      2     0   
 899       506    506105     0     1    2      3     1   
 900       506    506105     0     1    1      1     0   
 901       506    506105     0     1    3      1     0   
 902       506    506105     0     1    2      0     0   
 903       506    506105     0     1    0      2     0   
 904       506    506105     0     1    1      2     0   
 905       506    506105     0     1    1      0     0   
 906       506    506105     0     1    3      3     1   
 907       506    506105     0     1    3      2     0   
 908       506    506105     0     1    2      4     1   
 909       506    506105     0     1    1      3     1   
 910       506    506107     0     1    1      1     0   
 911       506    506107     0     1    0      1     0   
 912       506    506107     0     1    1      2     0   
 913       506    506107     0     1    1      2     0   
 914       506    506107     0     1    3      2     0   
 915       506    506107     0     1    3      1     0   
 916       506    506107     0     1    0      2     0   
 917       506    506107     0     1    2      2     0   
 918       506    506107     0     1    2      1     0   
 919       506    506107     0     1    4      3     1   
 920       506    506110     0     1    4      2     0   
 921       506    506110     0     1    1      2     0   
 922       506    506110     0     1    1      1     0   
 923       506    506110     0     1    3      2     0   
 924       506    506110     0     1    1      2     0   
 925       506    506110     0     1    1      3     1   
 926       506    506110     0     1    0      0     0   
 927       506    506110     0     1    2      2     0   
 928       506    506110     0     1    0      2     0   
 929       506    506110     0     1    1      4     1   
 930       506    506110     0     1    1      2     0   
 931       506    506110     0     1    1      1     0   
 932       506    506110     0     1    2      2     0   
 933       506    506110     0     1    2      1     0   
 934       506    506111     0     1    4      1     0   
 935       506    506111     0     1    3      1     0   
 936       506    506112     0     1    2      0     0   
 937       506    506112     0     1    0      1     0   
 938       506    506112     0     1    1      2     0   
 939       506    506113     0     1    0      3     1   
 940       506    506113     0     1    1      2     0   
 941       506    506114     0     1    2      3     1   
 942       506    506114     0     1    2      0     0   
 943       506    506114     0     1    1      3     1   
 944       506    506114     0     1    0      1     0   
 945       506    506115     0     1    0      0     0   
 946       506    506115     0     1    2      1     0   
 947       506    506115     0     1    4      1     0   
 948       506    506116     0     1    2      2     0   
 949       506    506116     0     1    2      1     0   
 950       506    506116     0     1    3      0     0   
 951       506    506116     0     1    2      2     0   
 952       506    506116     0     1    0      4     1   
 953       506    506116     0     1    4      1     0   
 954       507    507101     0     1    1      5     1   
 955       507    507101     0     1    2      2     0   
 956       507    507101     0     1    1      1     0   
 957       507    507101     0     1    3      4     1   
 958       507    507101     0     1    1      1     0   
 959       507    507101     0     1    2      2     0   
 960       507    507101     0     1    0      1     0   
 961       507    507101     0     1    1      4     1   
 962       507    507101     0     1    0      3     1   
 963       507    507101     0     1    2      4     1   
 964       507    507102     0     1    1      1     0   
 965       507    507102     0     1    2      2     0   
 966       507    507102     0     1    1      1     0   
 967       507    507102     0     1    1      4     1   
 968       507    507102     0     1    2      3     1   
 969       507    507102     0     1    4      3     1   
 970       507    507102     0     1    1      4     1   
 971       507    507102     0     1    0      1     0   
 972       507    507102     0     1    2      3     1   
 973       507    507102     0     1    1      3     1   
 974       507    507102     0     1    1      2     0   
 975       507    507102     0     1    1      1     0   
 976       507    507102     0     1    1      5     1   
 977       507    507102     0     1    1      1     0   
 978       507    507103     0     1    1      5     1   
 979       507    507103     0     1    1      0     0   
 980       507    507103     0     1    3      2     0   
 981       507    507103     0     1    0      5     1   
 982       507    507103     0     1    3      2     0   
 983       507    507103     0     1    2      1     0   
 984       507    507103     0     1    0      0     0   
 985       507    507103     0     1    1      2     0   
 986       507    507103     0     1    3      3     1   
 987       507    507103     0     1    2      3     1   
 988       507    507103     0     1    4      2     0   
 989       507    507104     0     1    2      3     1   
 990       507    507104     0     1    1      1     0   
 991       507    507104     0     1    1      3     1   
 992       507    507104     0     1    0      1     0   
 993       507    507104     0     1    3      3     1   
 994       507    507104     0     1    0      1     0   
 995       507    507105     0     1    0      1     0   
 996       507    507105     0     1    2      5     1   
 997       507    507105     0     1    2      1     0   
 998       507    507105     0     1    1      2     0   
 999       507    507105     0     1    4      2     0   
1000       507    507105     0     1    2      3     1   
1001       507    507105     0     1    1      2     0   
1002       507    507105     0     1    1      0     0   
1003       507    507105     0     1    5      0     0   
1004       507    507105     0     1    4      2     0   
1005       507    507105     0     1    2      5     1   
1006       507    507105     0     1    1      1     0   
1007       507    507105     0     1    3      0     0   
1008       507    507105     0     1    5      2     0   
1009       507    507105     0     1    3      4     1   
1010       507    507105     0     1    1      4     1   
1011       507    507105     0     1    2      1     0   
1012       507    507105     0     1    1      2     0   
1013       507    507105     0     1    2      2     0   
1014       507    507105     0     1    3      1     0   
1015       507    507105     0     1    1      1     0   
1016       507    507105     0     1    4      2     0   
1017       507    507106     0     1    2      1     0   
1018       507    507106     0     1    4      3     1   
1019       507    507106     0     1    1      2     0   
1020       507    507106     0     1    2      1     0   
1021       507    507107     0     1    2      3     1   
1022       507    507107     0     1    1      0     0   
1023       507    507107     0     1    2      1     0   
1024       507    507107     0     1    1      3     1   
1025       507    507107     0     1    1      2     0   
1026       507    507107     0     1    3      4     1   
1027       507    507107     0     1    1      2     0   
1028       508    508101     0     1    1      3     1   
1029       508    508101     0     1    4      3     1   
1030       508    508101     0     1    1      2     0   
1031       508    508101     0     1    5      5     1   
1032       508    508101     0     1    1      4     1   
1033       508    508101     0     1    3      3     1   
1034       508    508101     0     1    3      2     0   
1035       508    508101     0     1    3      3     1   
1036       508    508101     0     1    0      1     0   
1037       508    508101     0     1    1      0     0   
1038       508    508101     0     1    1      2     0   
1039       508    508101     0     1    4      3     1   
1040       508    508101     0     1    3      2     0   
1041       508    508101     0     1    2      2     0   
1042       508    508101     0     1    2      3     1   
1043       508    508101     0     1    3      3     1   
1044       508    508101     0     1    4      4     1   
1045       508    508101     0     1    4      3     1   
1046       508    508101     0     1    3      3     1   
1047       508    508101     0     1    3      4     1   
1048       508    508101     0     1    3      7     1   
1049       508    508101     0     1    3      2     0   
1050       508    508102     0     1    3      4     1   
1051       508    508102     0     1    1      2     0   
1052       508    508102     0     1    5      4     1   
1053       508    508102     0     1    2      3     1   
1054       508    508102     0     1    4      1     0   
1055       508    508102     0     1    2      4     1   
1056       508    508102     0     1    2      3     1   
1057       508    508102     0     1    4      4     1   
1058       508    508102     0     1    5      7     1   
1059       508    508102     0     1    3      4     1   
1060       508    508102     0     1    4      3     1   
1061       508    508102     0     1    3      3     1   
1062       508    508102     0     1    2      3     1   
1063       508    508102     0     1    2      5     1   
1064       508    508102     0     1    2      2     0   
1065       508    508102     0     1    3      3     1   
1066       508    508102     0     1    1      1     0   
1067       508    508102     0     1    1      3     1   
1068       508    508103     0     1    4      5     1   
1069       508    508103     0     1    3      3     1   
1070       508    508103     0     1    1      2     0   
1071       508    508103     0     1    3      3     1   
1072       508    508103     0     1    3      6     1   
1073       508    508103     0     1    5      6     1   
1074       508    508103     0     1    2      4     1   
1075       508    508103     0     1    4      3     1   
1076       508    508103     0     1    4      5     1   
1077       508    508103     0     1    3      2     0   
1078       508    508103     0     1    3      1     0   
1079       508    508103     0     1    3      1     0   
1080       508    508103     0     1    5      3     1   
1081       508    508103     0     1    3      4     1   
1082       508    508103     0     1    3      2     0   
1083       508    508103     0     1    2      3     1   
1084       508    508103     0     1    1      1     0   
1085       508    508103     0     1    4      2     0   
1086       508    508103     0     1    2      4     1   
1087       508    508103     0     1    2      1     0   
1088       508    508103     0     1    3      4     1   
1089       508    508103     0     1    1      1     0   
1090       508    508103     0     1    2      2     0   
1091       508    508104     0     1    2      0     0   
1092       508    508104     0     1    2      3     1   
1093       508    508104     0     1    2      4     1   
1094       508    508104     0     1    2      4     1   
1095       508    508104     0     1    1      2     0   
1096       508    508104     0     1    4      5     1   
1097       508    508104     0     1    1      2     0   
1098       508    508104     0     1    4      5     1   
1099       508    508104     0     1    4      5     1   
1100       508    508104     0     1    4      5     1   
1101       508    508104     0     1    3      3     1   
1102       508    508104     0     1    4      2     0   
1103       508    508104     0     1    0      2     0   
1104       508    508104     0     1    4      4     1   
1105       508    508104     0     1    2      5     1   
1106       508    508104     0     1    4      2     0   
1107       508    508104     0     1    3      6     1   
1108       508    508104     0     1    3      2     0   
1109       508    508104     0     1    2      2     0   
1110       509    509101     1     0    2      3     1   
1111       509    509101     1     0    0      1     0   
1112       509    509101     1     0    2      2     0   
1113       509    509101     1     0    1      5     1   
1114       509    509101     1     0    3      2     0   
1115       509    509101     1     0    4      2     0   
1116       509    509101     1     0    3      4     1   
1117       509    509101     1     0    2      3     1   
1118       509    509101     1     0    2      3     1   
1119       509    509101     1     0    2      2     0   
1120       509    509101     1     0    1      3     1   
1121       509    509101     1     0    0      3     1   
1122       509    509101     1     0    1      2     0   
1123       509    509101     1     0    2      3     1   
1124       509    509102     1     0    1      4     1   
1125       509    509102     1     0    0      3     1   
1126       509    509102     1     0    0      1     0   
1127       509    509102     1     0    4      5     1   
1128       509    509102     1     0    5      5     1   
1129       509    509103     1     0    1      3     1   
1130       509    509103     1     0    2      0     0   
1131       509    509103     1     0    2      2     0   
1132       509    509103     1     0    1      1     0   
1133       509    509103     1     0    1      2     0   
1134       509    509103     1     0    0      2     0   
1135       509    509103     1     0    3      2     0   
1136       509    509103     1     0    0      1     0   
1137       509    509103     1     0    1      1     0   
1138       509    509103     1     0    4      0     0   
1139       509    509103     1     0    0      4     1   
1140       509    509103     1     0    2      1     0   
1141       509    509103     1     0    2      3     1   
1142       509    509103     1     0    2      1     0   
1143       509    509104     1     0    2      3     1   
1144       509    509104     1     0    0      5     1   
1145       509    509104     1     0    2      2     0   
1146       509    509104     1     0    2      4     1   
1147       509    509104     1     0    3      4     1   
1148       509    509104     1     0    1      3     1   
1149       509    509104     1     0    2      3     1   
1150       509    509104     1     0    1      3     1   
1151       509    509104     1     0    1      3     1   
1152       509    509104     1     0    0      3     1   
1153       509    509104     1     0    2      2     0   
1154       509    509104     1     0    3      3     1   
1155       509    509104     1     0    3      4     1   
1156       509    509104     1     0    4      3     1   
1157       509    509104     1     0    2      0     0   
1158       509    509104     1     0    2      3     1   
1159       509    509104     1     0    2      4     1   
1160       509    509104     1     0    0      3     1   
1161       509    509104     1     0    4      4     1   
1162       509    509104     1     0    1      3     1   
1163       509    509104     1     0    3      4     1   
1164       509    509104     1     0    2      3     1   
1165       509    509104     1     0    2      2     0   
1166       509    509104     1     0    0      1     0   
1167       509    509104     1     0    0      1     0   
1168       509    509104     1     0    3      5     1   
1169       509    509104     1     0    1      3     1   
1170       509    509104     1     0    2      3     1   
1171       509    509105     1     0    1      4     1   
1172       509    509105     1     0    2      3     1   
1173       509    509105     1     0    1      1     0   
1174       509    509105     1     0    2      1     0   
1175       509    509105     1     0    2      1     0   
1176       509    509105     1     0    1      3     1   
1177       509    509105     1     0    2      3     1   
1178       509    509105     1     0    2      3     1   
1179       509    509105     1     0    0      2     0   
1180       509    509105     1     0    3      5     1   
1181       509    509105     1     0    2      4     1   
1182       509    509105     1     0    2      2     0   
1183       509    509105     1     0    2      2     0   
1184       509    509105     1     0    0      1     0   
1185       509    509105     1     0    1      4     1   
1186       509    509106     1     0    2      1     0   
1187       509    509106     1     0    4      5     1   
1188       509    509106     1     0    1      3     1   
1189       509    509106     1     0    2      2     0   
1190       509    509106     1     0    3      2     0   
1191       509    509106     1     0    2      2     0   
1192       509    509106     1     0    5      6     1   
1193       509    509106     1     0    2      3     1   
1194       509    509106     1     0    2      4     1   
1195       509    509106     1     0    3      3     1   
1196       509    509106     1     0    0      2     0   
1197       509    509106     1     0    1      3     1   
1198       509    509106     1     0    1      3     1   
1199       509    509106     1     0    1      4     1   
1200       509    509106     1     0    1      4     1   
1201       509    509107     1     0    3      3     1   
1202       509    509107     1     0    5      3     1   
1203       509    509107     1     0    3      5     1   
1204       509    509107     1     0    1      4     1   
1205       509    509107     1     0    1      2     0   
1206       509    509107     1     0    2      3     1   
1207       509    509107     1     0    4      3     1   
1208       509    509107     1     0    1      2     0   
1209       509    509107     1     0    0      1     0   
1210       509    509107     1     0    1      2     0   
1211       509    509107     1     0    1      4     1   
1212       509    509108     1     0    0      2     0   
1213       509    509108     1     0    2      2     0   
1214       509    509108     1     0    2      1     0   
1215       509    509108     1     0    1      5     1   
1216       509    509108     1     0    2      2     0   
1217       509    509108     1     0    3      3     1   
1218       509    509108     1     0    2      2     0   
1219       509    509108     1     0    1      3     1   
1220       509    509108     1     0    1      1     0   
1221       509    509108     1     0    1      2     0   
1222       509    509108     1     0    2      6     1   
1223       509    509108     1     0    1      1     0   
1224       510    510101     1     0    3      2     0   
1225       510    510101     1     0    1      2     0   
1226       510    510101     1     0    2      2     0   
1227       510    510101     1     0    2      1     0   
1228       510    510101     1     0    4      2     0   
1229       510    510101     1     0    3      2     0   
1230       510    510101     1     0    2      5     1   
1231       510    510101     1     0    1      1     0   
1232       510    510101     1     0    1      2     0   
1233       510    510101     1     0    2      4     1   
1234       510    510101     1     0    1      6     1   
1235       510    510102     1     0    2      5     1   
1236       510    510102     1     0    1      2     0   
1237       510    510102     1     0    2      2     0   
1238       510    510102     1     0    4      4     1   
1239       510    510102     1     0    3      1     0   
1240       510    510102     1     0    3      4     1   
1241       510    510102     1     0    2      0     0   
1242       510    510102     1     0    4      4     1   
1243       510    510102     1     0    3      4     1   
1244       510    510102     1     0    1      5     1   
1245       510    510102     1     0    3      4     1   
1246       510    510103     1     0    3      4     1   
1247       510    510103     1     0    3      5     1   
1248       510    510103     1     0    0      3     1   
1249       510    510103     1     0    3      4     1   
1250       510    510103     1     0    4      5     1   
1251       510    510103     1     0    1      0     0   
1252       510    510103     1     0    1      1     0   
1253       510    510103     1     0    3      5     1   
1254       510    510103     1     0    2      3     1   
1255       510    510103     1     0    1      2     0   
1256       510    510103     1     0    3      2     0   
1257       510    510103     1     0    0      1     0   
1258       510    510103     1     0    3      1     0   
1259       510    510103     1     0    1      1     0   
1260       510    510103     1     0    1      1     0   
1261       510    510104     1     0    0      1     0   
1262       510    510104     1     0    3      3     1   
1263       510    510104     1     0    3      5     1   
1264       510    510104     1     0    1      4     1   
1265       510    510104     1     0    2      4     1   
1266       510    510104     1     0    3      0     0   
1267       510    510104     1     0    0      2     0   
1268       510    510104     1     0    2      2     0   
1269       510    510104     1     0    1      1     0   
1270       510    510104     1     0    4      4     1   
1271       510    510104     1     0    3      1     0   
1272       510    510104     1     0    3      3     1   
1273       510    510104     1     0    3      1     0   
1274       510    510104     1     0    5      4     1   
1275       510    510104     1     0    2      3     1   
1276       510    510104     1     0    2      6     1   
1277       510    510104     1     0    3      3     1   
1278       510    510105     1     0    3      2     0   
1279       510    510105     1     0    2      2     0   
1280       510    510105     1     0    1      4     1   
1281       510    510105     1     0    2      3     1   
1282       510    510105     1     0    2      3     1   
1283       510    510105     1     0    0      4     1   
1284       510    510105     1     0    2      2     0   
1285       510    510105     1     0    2      6     1   
1286       510    510105     1     0    2      6     1   
1287       510    510105     1     0    2      5     1   
1288       510    510105     1     0    2      2     0   
1289       510    510105     1     0    1      2     0   
1290       510    510105     1     0    4      5     1   
1291       510    510105     1     0    5      6     1   
1292       510    510105     1     0    2      1     0   
1293       510    510105     1     0    3      3     1   
1294       510    510105     1     0    2      2     0   
1295       510    510105     1     0    2      4     1   
1296       510    510105     1     0    2      0     0   
1297       510    510105     1     0    1      4     1   
1298       510    510105     1     0    5      5     1   
1299       510    510105     1     0    4      4     1   
1300       510    510105     1     0    3      4     1   
1301       510    510105     1     0    2      4     1   
1302       510    510106     1     0    2      4     1   
1303       510    510106     1     0    1      1     0   
1304       510    510106     1     0    4      4     1   
1305       510    510106     1     0    3      3     1   
1306       510    510106     1     0    2      3     1   
1307       510    510106     1     0    2      3     1   
1308       510    510106     1     0    2      3     1   
1309       510    510106     1     0    3      5     1   
1310       510    510106     1     0    1      2     0   
1311       510    510106     1     0    2      3     1   
1312       510    510106     1     0    5      6     1   
1313       510    510106     1     0    1      3     1   
1314       510    510106     1     0    4      5     1   
1315       510    510106     1     0    4      4     1   
1316       510    510106     1     0    4      3     1   
1317       510    510106     1     0    2      2     0   
1318       510    510106     1     0    0      3     1   
1319       510    510106     1     0    2      3     1   
1320       510    510106     1     0    2      4     1   
1321       510    510106     1     0    3      1     0   
1322       510    510107     1     0    2      4     1   
1323       510    510107     1     0    1      1     0   
1324       510    510107     1     0    5      6     1   
1325       510    510107     1     0    2      3     1   
1326       510    510107     1     0    3      3     1   
1327       510    510107     1     0    1      5     1   
1328       510    510107     1     0    3      1     0   
1329       510    510107     1     0    0      1     0   
1330       510    510107     1     0    1      4     1   
1331       510    510107     1     0    1      4     1   
1332       510    510107     1     0    1      1     0   
1333       510    510107     1     0    4      4     1   
1334       510    510107     1     0    1      4     1   
1335       510    510107     1     0    3      4     1   
1336       510    510107     1     0    1      6     1   
1337       513    513101     0     0    1      2     0   
1338       513    513101     0     0    1      0     0   
1339       513    513101     0     0    3      4     1   
1340       513    513101     0     0    2      1     0   
1341       513    513101     0     0    3      3     1   
1342       513    513101     0     0    1      2     0   
1343       513    513102     0     0    3      1     0   
1344       513    513102     0     0    4      2     0   
1345       513    513102     0     0    3      1     0   
1346       513    513102     0     0    1      3     1   
1347       513    513102     0     0    1      2     0   
1348       513    513102     0     0    3      2     0   
1349       513    513102     0     0    3      1     0   
1350       513    513102     0     0    0      1     0   
1351       513    513103     0     0    3      3     1   
1352       513    513103     0     0    1      2     0   
1353       513    513103     0     0    1      2     0   
1354       513    513103     0     0    1      2     0   
1355       513    513103     0     0    0      2     0   
1356       513    513103     0     0    1      2     0   
1357       513    513103     0     0    1      1     0   
1358       513    513103     0     0    1      1     0   
1359       513    513103     0     0    4      1     0   
1360       513    513103     0     0    1      4     1   
1361       513    513103     0     0    3      2     0   
1362       513    513103     0     0    3      2     0   
1363       513    513103     0     0    3      2     0   
1364       513    513103     0     0    2      0     0   
1365       513    513104     0     0    1      2     0   
1366       513    513104     0     0    2      2     0   
1367       513    513104     0     0    0      1     0   
1368       513    513104     0     0    3      3     1   
1369       513    513104     0     0    3      3     1   
1370       514    514101     1     1    3      3     1   
1371       514    514101     1     1    3      3     1   
1372       514    514101     1     1    1      4     1   
1373       514    514101     1     1    2      3     1   
1374       514    514101     1     1    2      3     1   
1375       514    514101     1     1    1      4     1   
1376       514    514101     1     1    3      2     0   
1377       514    514101     1     1    2      3     1   
1378       514    514101     1     1    2      4     1   
1379       514    514101     1     1    1      2     0   
1380       514    514101     1     1    3      2     0   
1381       514    514102     1     1    1      1     0   
1382       514    514102     1     1    2      1     0   
1383       514    514102     1     1    1      5     1   
1384       514    514102     1     1    1      2     0   
1385       514    514102     1     1    2      3     1   
1386       514    514102     1     1    2      3     1   
1387       514    514102     1     1    1      4     1   
1388       514    514102     1     1    1      2     0   
1389       514    514102     1     1    2      4     1   
1390       514    514103     1     1    1      3     1   
1391       514    514103     1     1    2      3     1   
1392       514    514103     1     1    2      4     1   
1393       514    514103     1     1    3      4     1   
1394       514    514103     1     1    0      4     1   
1395       514    514103     1     1    1      2     0   
1396       514    514103     1     1    0      0     0   
1397       514    514103     1     1    1      3     1   
1398       514    514103     1     1    3      2     0   
1399       514    514103     1     1    2      3     1   
1400       514    514103     1     1    3      1     0   
1401       514    514103     1     1    1      2     0   
1402       514    514103     1     1    3      1     0   
1403       514    514103     1     1    1      3     1   
1404       514    514103     1     1    1      2     0   
1405       514    514103     1     1    3      3     1   
1406       514    514103     1     1    0      1     0   
1407       514    514104     1     1    2      3     1   
1408       514    514104     1     1    2      0     0   
1409       514    514104     1     1    3      3     1   
1410       514    514104     1     1    3      2     0   
1411       514    514104     1     1    3      3     1   
1412       514    514104     1     1    2      1     0   
1413       514    514104     1     1    1      1     0   
1414       514    514104     1     1    0      2     0   
1415       514    514104     1     1    1      2     0   
1416       514    514104     1     1    3      3     1   
1417       514    514104     1     1    1      5     1   
1418       514    514104     1     1    0      2     0   
1419       514    514104     1     1    1      3     1   
1420       514    514104     1     1    4      7     1   
1421       514    514105     1     1    0      3     1   
1422       514    514105     1     1    0      2     0   
1423       514    514105     1     1    4      6     1   
1424       514    514105     1     1    3      5     1   
1425       514    514105     1     1    2      4     1   
1426       514    514105     1     1    1      4     1   
1427       514    514105     1     1    4      3     1   
1428       514    514105     1     1    2      4     1   
1429       514    514105     1     1    2      2     0   
1430       514    514105     1     1    1      4     1   
1431       514    514105     1     1    1      4     1   
1432       514    514106     1     1    2      1     0   
1433       514    514106     1     1    0      1     0   
1434       514    514106     1     1    1      4     1   
1435       514    514106     1     1    1      3     1   
1436       514    514106     1     1    4      4     1   
1437       514    514106     1     1    1      3     1   
1438       514    514106     1     1    0      3     1   
1439       514    514106     1     1    0      6     1   
1440       514    514106     1     1    3      2     0   
1441       514    514106     1     1    1      3     1   
1442       514    514106     1     1    1      1     0   
1443       514    514106     1     1    3      6     1   
1444       514    514106     1     1    2      3     1   
1445       514    514106     1     1    1      3     1   
1446       514    514106     1     1    1      1     0   
1447       514    514106     1     1    3      2     0   
1448       514    514106     1     1    4      4     1   
1449       514    514107     1     1    1      4     1   
1450       514    514107     1     1    3      3     1   
1451       514    514107     1     1    2      4     1   
1452       514    514107     1     1    2      2     0   
1453       514    514107     1     1    1      3     1   
1454       514    514107     1     1    3      5     1   
1455       514    514107     1     1    1      3     1   
1456       514    514107     1     1    1      4     1   
1457       514    514107     1     1    3      3     1   
1458       514    514107     1     1    1      2     0   
1459       514    514107     1     1    4      2     0   
1460       514    514107     1     1    4      2     0   
1461       514    514107     1     1    6      5     1   
1462       514    514107     1     1    4      2     0   
1463       514    514107     1     1    4      4     1   
1464       515    515101     0     0    4      2     0   
1465       515    515101     0     0    1      2     0   
1466       515    515101     0     0    1      1     0   
1467       515    515101     0     0    2      4     1   
1468       515    515101     0     0    3      3     1   
1469       515    515101     0     0    2      3     1   
1470       515    515102     0     0    2      1     0   
1471       515    515102     0     0    1      2     0   
1472       515    515102     0     0    1      2     0   
1473       515    515102     0     0    1      2     0   
1474       515    515102     0     0    2      2     0   
1475       515    515102     0     0    1      1     0   
1476       515    515102     0     0    2      2     0   
1477       515    515103     0     0    3      3     1   
1478       515    515103     0     0    4      3     1   
1479       515    515103     0     0    1      2     0   
1480       515    515103     0     0    1      0     0   
1481       515    515103     0     0    1      1     0   
1482       515    515103     0     0    3      5     1   
1483       515    515103     0     0    3      3     1   
1484       515    515103     0     0    2      2     0   
1485       515    515103     0     0    1      2     0   
1486       515    515103     0     0    0      4     1   
1487       515    515103     0     0    2      0     0   
1488       515    515103     0     0    3      0     0   
1489       515    515103     0     0    2      3     1   
1490       515    515103     0     0    1      1     0   
1491       515    515104     0     0    3      4     1   
1492       515    515104     0     0    1      1     0   
1493       515    515104     0     0    4      2     0   
1494       515    515104     0     0    1      0     0   
1495       515    515104     0     0    4      3     1   
1496       515    515104     0     0    2      4     1   
1497       515    515104     0     0    1      4     1   
1498       515    515104     0     0    3      4     1   
1499       515    515104     0     0    2      1     0   
1500       515    515104     0     0    4      1     0   
1501       515    515105     0     0    4      5     1   
1502       515    515105     0     0    2      2     0   
1503       515    515105     0     0    3      3     1   
1504       515    515105     0     0    2      3     1   
1505       515    515105     0     0    2      4     1   
1506       515    515105     0     0    2      1     0   
1507       515    515105     0     0    3      1     0   
1508       515    515105     0     0    2      3     1   
1509       515    515105     0     0    1      2     0   
1510       515    515105     0     0    2      2     0   
1511       515    515105     0     0    2      2     0   
1512       515    515105     0     0    1      3     1   
1513       515    515105     0     0    1      4     1   
1514       515    515105     0     0    1      3     1   
1515       515    515106     0     0    1      3     1   
1516       515    515106     0     0    4      4     1   
1517       515    515106     0     0    3      1     0   
1518       515    515106     0     0    1      2     0   
1519       515    515106     0     0    4      2     0   
1520       515    515106     0     0    3      3     1   
1521       515    515106     0     0    3      2     0   
1522       515    515106     0     0    2      3     1   
1523       515    515106     0     0    3      3     1   
1524       515    515106     0     0    3      3     1   
1525       515    515106     0     0    4      4     1   
1526       515    515106     0     0    3      3     1   
1527       515    515106     0     0    4      2     0   
1528       515    515106     0     0    2      1     0   
1529       515    515106     0     0    1      2     0   
1530       515    515106     0     0    3      2     0   
1531       515    515106     0     0    1      0     0   
1532       515    515106     0     0    1      3     1   
1533       515    515107     0     0    1      2     0   
1534       515    515107     0     0    3      1     0   
1535       515    515107     0     0    3      3     1   
1536       515    515107     0     0    2      3     1   
1537       515    515108     0     0    4      4     1   
1538       515    515108     0     0    1      1     0   
1539       515    515108     0     0    3      1     0   
1540       515    515108     0     0    1      1     0   
1541       515    515108     0     0    4      3     1   
1542       515    515108     0     0    5      2     0   
1543       515    515108     0     0    2      2     0   
1544       515    515108     0     0    1      2     0   
1545       515    515108     0     0    1      1     0   
1546       515    515109     0     0    4      4     1   
1547       515    515109     0     0    1      2     0   
1548       515    515109     0     0    3      3     1   
1549       515    515109     0     0    3      2     0   
1550       515    515109     0     0    4      1     0   
1551       515    515109     0     0    2      2     0   
1552       515    515109     0     0    0      1     0   
1553       515    515110     0     0    4      4     1   
1554       515    515110     0     0    1      2     0   
1555       515    515110     0     0    3      1     0   
1556       515    515110     0     0    2      3     1   
1557       515    515110     0     0    2      2     0   
1558       515    515110     0     0    2      1     0   
1559       515    515110     0     0    3      1     0   
1560       515    515110     0     0    1      1     0   
1561       515    515110     0     0    1      3     1   
1562       515    515110     0     0    1      1     0   
1563       515    515110     0     0    1      1     0   
1564       515    515110     0     0    2      2     0   
1565       515    515111     0     0    2      2     0   
1566       515    515111     0     0    1      2     0   
1567       515    515111     0     0    2      2     0   
1568       515    515111     0     0    2      2     0   
1569       515    515111     0     0    0      4     1   
1570       515    515111     0     0    3      4     1   
1571       515    515111     0     0    3      4     1   
1572       515    515111     0     0    2      3     1   
1573       515    515111     0     0    4      5     1   
1574       515    515111     0     0    3      2     0   
1575       515    515111     0     0    3      5     1   
1576       515    515111     0     0    2      3     1   
1577       515    515111     0     0    2      4     1   
1578       515    515111     0     0    0      2     0   
1579       515    515111     0     0    3      4     1   
1580       515    515112     0     0    2      3     1   
1581       515    515112     0     0    1      1     0   
1582       515    515112     0     0    1      2     0   
1583       515    515112     0     0    3      3     1   
1584       515    515112     0     0    2      2     0   
1585       515    515112     0     0    3      3     1   
1586       515    515112     0     0    2      4     1   
1587       515    515112     0     0    2      2     0   
1588       515    515112     0     0    2      3     1   
1589       515    515112     0     0    2      1     0   
1590       515    515112     0     0    3      4     1   
1591       515    515113     0     0    0      0     0   
1592       515    515113     0     0    3      2     0   
1593       515    515113     0     0    3      2     0   
1594       515    515113     0     0    3      1     0   
1595       515    515113     0     0    2      0     0   
1596       515    515113     0     0    2      1     0   
1597       515    515113     0     0    1      1     0   
1598       515    515113     0     0    2      1     0   
1599       515    515113     0     0    3      2     0   
1600       515    515113     0     0    3      3     1   
