observ  group  litter  y 
  1       1      1     0  
  2       1      1     0  
  3       1      1     0  
  4       1      1     0  
  5       1      1     0  
  6       1      1     0  
  7       1      1     0  
  8       1      1     0  
  9       1      1     0  
 10       1      1     1  
 11       1      2     1  
 12       1      2     1  
 13       1      2     1  
 14       1      2     1  
 15       1      2     0  
 16       1      2     0  
 17       1      2     0  
 18       1      2     0  
 19       1      2     0  
 20       1      2     0  
 21       1      2     0  
 22       1      3     1  
 23       1      3     1  
 24       1      3     1  
 25       1      3     1  
 26       1      3     1  
 27       1      3     1  
 28       1      3     1  
 29       1      3     1  
 30       1      3     1  
 31       1      3     0  
 32       1      3     0  
 33       1      3     0  
 34       1      4     1  
 35       1      4     1  
 36       1      4     1  
 37       1      4     1  
 38       1      5     1  
 39       1      5     1  
 40       1      5     1  
 41       1      5     1  
 42       1      5     1  
 43       1      5     1  
 44       1      5     1  
 45       1      5     1  
 46       1      5     1  
 47       1      5     1  
 48       1      6     1  
 49       1      6     1  
 50       1      6     1  
 51       1      6     1  
 52       1      6     1  
 53       1      6     1  
 54       1      6     1  
 55       1      6     1  
 56       1      6     1  
 57       1      6     0  
 58       1      6     0  
 59       1      7     1  
 60       1      7     1  
 61       1      7     1  
 62       1      7     1  
 63       1      7     1  
 64       1      7     1  
 65       1      7     1  
 66       1      7     1  
 67       1      7     1  
 68       1      8     1  
 69       1      8     1  
 70       1      8     1  
 71       1      8     1  
 72       1      8     1  
 73       1      8     1  
 74       1      8     1  
 75       1      8     1  
 76       1      8     1  
 77       1      8     1  
 78       1      8     1  
 79       1      9     1  
 80       1      9     1  
 81       1      9     1  
 82       1      9     1  
 83       1      9     1  
 84       1      9     1  
 85       1      9     1  
 86       1      9     1  
 87       1      9     1  
 88       1      9     1  
 89       1     10     1  
 90       1     10     1  
 91       1     10     1  
 92       1     10     1  
 93       1     10     1  
 94       1     10     1  
 95       1     10     1  
 96       1     10     0  
 97       1     10     0  
 98       1     10     0  
 99       1     11     1  
100       1     11     1  
101       1     11     1  
102       1     11     1  
103       1     11     1  
104       1     11     1  
105       1     11     1  
106       1     11     1  
107       1     11     1  
108       1     11     1  
109       1     11     1  
110       1     11     1  
111       1     12     1  
112       1     12     1  
113       1     12     1  
114       1     12     1  
115       1     12     1  
116       1     12     1  
117       1     12     1  
118       1     12     1  
119       1     12     1  
120       1     12     0  
121       1     13     1  
122       1     13     1  
123       1     13     1  
124       1     13     1  
125       1     13     1  
126       1     13     1  
127       1     13     1  
128       1     13     1  
129       1     14     1  
130       1     14     1  
131       1     14     1  
132       1     14     1  
133       1     14     1  
134       1     14     1  
135       1     14     1  
136       1     14     1  
137       1     14     1  
138       1     14     0  
139       1     14     0  
140       1     15     1  
141       1     15     1  
142       1     15     1  
143       1     15     1  
144       1     15     0  
145       1     15     0  
146       1     16     1  
147       1     16     1  
148       1     16     1  
149       1     16     1  
150       1     16     1  
151       1     16     1  
152       1     16     1  
153       1     16     0  
154       1     16     0  
155       1     17     1  
156       1     17     1  
157       1     17     1  
158       1     17     1  
159       1     17     1  
160       1     17     1  
161       1     17     1  
162       1     17     1  
163       1     17     1  
164       1     17     1  
165       1     17     1  
166       1     17     1  
167       1     17     1  
168       1     17     1  
169       1     18     1  
170       1     18     1  
171       1     18     1  
172       1     18     1  
173       1     18     1  
174       1     18     1  
175       1     18     1  
176       1     18     0  
177       1     18     0  
178       1     18     0  
179       1     18     0  
180       1     18     0  
181       1     19     1  
182       1     19     1  
183       1     19     1  
184       1     19     1  
185       1     19     1  
186       1     19     1  
187       1     19     1  
188       1     19     1  
189       1     19     1  
190       1     19     0  
191       1     19     0  
192       1     20     1  
193       1     20     1  
194       1     20     1  
195       1     20     1  
196       1     20     1  
197       1     20     1  
198       1     20     1  
199       1     20     1  
200       1     20     0  
201       1     20     0  
202       1     20     0  
203       1     20     0  
204       1     20     0  
205       1     21     1  
206       1     21     1  
207       1     21     1  
208       1     21     1  
209       1     21     1  
210       1     21     0  
211       1     21     0  
212       1     21     0  
213       1     21     0  
214       1     21     0  
215       1     21     0  
216       1     21     0  
217       1     21     0  
218       1     21     0  
219       1     22     1  
220       1     22     1  
221       1     22     1  
222       1     22     1  
223       1     22     1  
224       1     22     1  
225       1     22     1  
226       1     22     1  
227       1     22     1  
228       1     22     1  
229       1     23     1  
230       1     23     1  
231       1     23     1  
232       1     23     1  
233       1     23     1  
234       1     23     1  
235       1     23     1  
236       1     23     1  
237       1     23     1  
238       1     23     1  
239       1     23     0  
240       1     23     0  
241       1     24     1  
242       1     24     1  
243       1     24     1  
244       1     24     1  
245       1     24     1  
246       1     24     1  
247       1     24     1  
248       1     24     1  
249       1     24     0  
250       1     24     0  
251       1     24     0  
252       1     24     0  
253       1     24     0  
254       1     25     1  
255       1     25     1  
256       1     25     1  
257       1     25     1  
258       1     25     1  
259       1     25     1  
260       1     25     1  
261       1     25     1  
262       1     25     1  
263       1     25     1  
264       1     26     1   
265       1     26     1  
266       1     26     1  
267       1     26     0  
268       1     26     0  
269       1     26     0  
270       1     26     0  
271       1     26     0  
272       1     26     0  
273       1     26     0  
274       1     26     0  
275       1     26     0  
276       1     26     0  
277       1     26     0  
278       1     27     1  
279       1     27     1  
280       1     27     1  
281       1     27     1  
282       1     27     1  
283       1     27     1  
284       1     27     1  
285       1     27     1  
286       1     27     1  
287       1     27     1  
288       1     27     1  
289       1     27     1  
290       1     27     1  
291       1     28     1  
292       1     28     1  
293       1     28     1  
294       1     28     0  
295       1     29     1  
296       1     29     1  
297       1     29     1  
298       1     29     1  
299       1     29     1  
300       1     29     1  
301       1     29     1  
302       1     29     1  
303       1     30     1  
304       1     30     1  
305       1     30     1  
306       1     30     1  
307       1     30     1  
308       1     30     0  
309       1     30     0  
310       1     30     0  
311       1     30     0  
312       1     30     0  
313       1     30     0  
314       1     30     0  
315       1     30     0  
316       1     31     1  
317       1     31     1  
318       1     31     1  
319       1     31     1  
320       1     31     1  
321       1     31     1  
322       1     31     1  
323       1     31     1  
324       1     31     1  
325       1     31     1  
326       1     31     1  
327       1     31     1  
328       2     32     1  
329       2     32     0  
330       2     32     0  
331       2     32     0  
332       2     32     0  
333       2     32     0  
334       2     32     0  
335       2     32     0  
336       2     32     0  
337       2     32     0  
338       2     33     1  
339       2     33     0  
340       2     33     0  
341       2     34     1  
342       2     34     0  
343       2     34     0  
344       2     34     0  
345       2     34     0  
346       2     34     0  
347       2     34     0  
348       2     34     0  
349       2     34     0  
350       2     34     0  
351       2     34     0  
352       2     34     0  
353       2     34     0  
354       2     35     0  
355       2     35     0  
356       2     35     0  
357       2     35     0  
358       2     35     0  
359       2     35     0  
360       2     35     0  
361       2     35     0  
362       2     35     0  
363       2     35     0  
364       2     35     0  
365       2     35     0  
366       2     36     1  
367       2     36     1  
368       2     36     1  
369       2     36     1  
370       2     36     0  
371       2     36     0  
372       2     36     0  
373       2     36     0  
374       2     36     0  
375       2     36     0  
376       2     36     0  
377       2     36     0  
378       2     36     0  
379       2     36     0  
380       2     37     1  
381       2     37     1  
382       2     37     0  
383       2     37     0  
384       2     37     0  
385       2     37     0  
386       2     37     0  
387       2     37     0  
388       2     37     0  
389       2     38     1  
390       2     38     1  
391       2     38     0  
392       2     38     0  
393       2     38     0  
394       2     38     0  
395       2     38     0  
396       2     38     0  
397       2     38     0  
398       2     38     0  
399       2     38     0  
400       2     38     0  
401       2     38     0  
402       2     39     1  
403       2     39     0  
404       2     39     0  
405       2     39     0  
406       2     39     0  
407       2     39     0  
408       2     39     0  
409       2     39     0  
410       2     39     0  
411       2     39     0  
412       2     39     0  
413       2     39     0  
414       2     39     0  
415       2     39     0  
416       2     39     0  
417       2     39     0  
418       2     40     0  
419       2     40     0  
420       2     40     0  
421       2     40     0  
422       2     40     0  
423       2     40     0  
424       2     40     0  
425       2     40     0  
426       2     40     0  
427       2     40     0  
428       2     40     0  
429       2     41     0  
430       2     41     0  
431       2     41     0  
432       2     41     0  
433       2     42     0  
434       2     43     0  
435       2     43     0  
436       2     43     0  
437       2     43     0  
438       2     43     0  
439       2     43     0  
440       2     43     0  
441       2     43     0  
442       2     43     0  
443       2     43     0  
444       2     43     0  
445       2     43     0  
446       3     44     0  
447       3     44     0  
448       3     44     0  
449       3     44     0  
450       3     44     0  
451       3     44     0  
452       3     44     0  
453       3     44     0  
454       3     45     1  
455       3     45     0  
456       3     45     0  
457       3     45     0  
458       3     45     0  
459       3     45     0  
460       3     45     0  
461       3     45     0  
462       3     45     0  
463       3     45     0  
464       3     45     0  
465       3     46     0  
466       3     46     0  
467       3     46     0  
468       3     46     0  
469       3     46     0  
470       3     46     0  
471       3     46     0  
472       3     46     0  
473       3     46     0  
474       3     46     0  
475       3     46     0  
476       3     46     0  
477       3     46     0  
478       3     46     0  
479       3     47     1  
480       3     47     0  
481       3     47     0  
482       3     47     0  
483       3     47     0  
484       3     47     0  
485       3     47     0  
486       3     47     0  
487       3     47     0  
488       3     47     0  
489       3     47     0  
490       3     47     0  
491       3     47     0  
492       3     47     0  
493       3     48     0  
494       3     48     0  
495       3     48     0  
496       3     48     0  
497       3     48     0  
498       3     48     0  
499       3     48     0  
500       3     48     0  
501       3     48     0  
502       3     48     0  
503       3     48     0  
504       4     49     0  
505       4     49     0  
506       4     49     0  
507       4     50     0  
508       4     50     0  
509       4     50     0  
510       4     50     0  
511       4     50     0  
512       4     50     0  
513       4     50     0  
514       4     50     0  
515       4     50     0  
516       4     50     0  
517       4     50     0  
518       4     50     0  
519       4     50     0  
520       4     51     1  
521       4     51     1  
522       4     51     0  
523       4     51     0  
524       4     51     0  
525       4     51     0  
526       4     51     0  
527       4     51     0  
528       4     51     0  
529       4     52     1  
530       4     52     1  
531       4     52     0  
532       4     52     0  
533       4     52     0  
534       4     52     0  
535       4     52     0  
536       4     52     0  
537       4     52     0  
538       4     52     0  
539       4     52     0  
540       4     52     0  
541       4     52     0  
542       4     52     0  
543       4     52     0  
544       4     52     0  
545       4     52     0  
546       4     53     0  
547       4     53     0  
548       4     53     0  
549       4     53     0  
550       4     53     0  
551       4     53     0  
552       4     53     0  
553       4     53     0  
554       4     53     0  
555       4     53     0  
556       4     53     0  
557       4     53     0  
558       4     53     0  
559       4     53     0  
560       4     53     0  
561       4     54     0  
562       4     54     0  
563       4     55     1  
564       4     55     0  
565       4     55     0  
566       4     55     0  
567       4     55     0  
568       4     55     0  
569       4     55     0  
570       4     55     0  
571       4     55     0  
572       4     55     0  
573       4     55     0  
574       4     55     0  
575       4     55     0  
576       4     55     0  
577       4     56     0  
578       4     56     0  
579       4     56     0  
580       4     56     0  
581       4     56     0  
582       4     56     0  
583       4     56     0  
584       4     56     0  
585       4     57     0  
586       4     57     0  
587       4     57     0  
588       4     57     0  
589       4     57     0  
590       4     57     0  
591       4     58     0  
592       4     58     0  
593       4     58     0  
594       4     58     0  
595       4     58     0  
596       4     58     0  
597       4     58     0  
598       4     58     0  
599       4     58     0  
600       4     58     0  
601       4     58     0  
602       4     58     0  
603       4     58     0  
604       4     58     0  
605       4     58     0  
606       4     58     0  
607       4     58     0  
